/home/smt/Downloads/video/testone8.yuv 51885.9 1920 1080 22 120 120 0.0442685 3.46193 1.85029 5.31222
/home/smt/Downloads/video/testone8.yuv 32631.6 1920 1080 27 120 120 0.0370361 3.10677 1.33756 4.44433
/home/smt/Downloads/video/testone8.yuv 19197.1 1920 1080 32 120 120 0.0330449 3.04165 0.923737 3.96539
/home/smt/Downloads/video/testone8.yuv 10425.9 1920 1080 37 120 120 0.0286417 2.80343 0.633573 3.437
/home/smt/Downloads/video/testone8.yuv 4733.04 1920 1080 42 120 120 0.0255017 2.65617 0.404038 3.06021
/home/smt/Downloads/video/testone8.yuv 27526.5 1920 1080 22 60 60 0.0456095 1.77418 0.962396 2.73657
/home/smt/Downloads/video/testone8.yuv 17531.4 1920 1080 27 60 60 0.0395593 1.67133 0.702224 2.37356
/home/smt/Downloads/video/testone8.yuv 10486.4 1920 1080 32 60 60 0.0347072 1.5816 0.50083 2.08243
/home/smt/Downloads/video/testone8.yuv 5844.19 1920 1080 37 60 60 0.0463809 1.51591 1.26695 2.78286
/home/smt/Downloads/video/testone8.yuv 2757.69 1920 1080 42 60 60 0.0610991 3.20349 0.462457 3.66595
/home/smt/Downloads/video/testone8.yuv 14456.4 1920 1080 22 30 30 0.107695 2.18173 1.04913 3.23085
/home/smt/Downloads/video/testone8.yuv 9290.65 1920 1080 27 30 30 0.093317 2.04042 0.759096 2.79951
/home/smt/Downloads/video/testone8.yuv 5614.62 1920 1080 32 30 30 0.0788868 1.93412 0.432488 2.3666
/home/smt/Downloads/video/testone8.yuv 3189.77 1920 1080 37 30 30 0.034557 0.857377 0.179331 1.03671
/home/smt/Downloads/video/testone8.yuv 1549.05 1920 1080 42 30 30 0.0297419 0.773073 0.119184 0.892257
/home/smt/Downloads/video/testone8.yuv 7735.4 1920 1080 22 15 15 0.0527643 0.521479 0.269985 0.791464
/home/smt/Downloads/video/testone8.yuv 5025.75 1920 1080 27 15 15 0.0454496 0.486903 0.194841 0.681743
/home/smt/Downloads/video/testone8.yuv 3075.99 1920 1080 32 15 15 0.0404703 0.464833 0.142221 0.607055
/home/smt/Downloads/video/testone8.yuv 1777.9 1920 1080 37 15 15 0.0372774 0.462529 0.0966322 0.559162
/home/smt/Downloads/video/testone8.yuv 882.441 1920 1080 42 15 15 0.0336879 0.441558 0.063761 0.505319
/home/smt/Downloads/video/testone8.yuv 23610.4 1280 720 22 120 120 0.0197407 1.53145 0.837441 2.36889
/home/smt/Downloads/video/testone8.yuv 14690.8 1280 720 27 120 120 0.0171801 1.46246 0.599157 2.06162
/home/smt/Downloads/video/testone8.yuv 8566.78 1280 720 32 120 120 0.0144879 1.32287 0.415674 1.73854
/home/smt/Downloads/video/testone8.yuv 4691.73 1280 720 37 120 120 0.0132923 1.30129 0.293789 1.59508
/home/smt/Downloads/video/testone8.yuv 2194.8 1280 720 42 120 120 0.0114165 1.17965 0.190328 1.36998
/home/smt/Downloads/video/testone8.yuv 12627.5 1280 720 22 60 60 0.0209452 0.816132 0.440581 1.25671
/home/smt/Downloads/video/testone8.yuv 7982.99 1280 720 27 60 60 0.0182536 0.774496 0.320722 1.09522
/home/smt/Downloads/video/testone8.yuv 4749.49 1280 720 32 60 60 0.0156591 0.711927 0.227622 0.939548
/home/smt/Downloads/video/testone8.yuv 2677.09 1280 720 37 60 60 0.0142578 0.696731 0.158735 0.855466
/home/smt/Downloads/video/testone8.yuv 1302.49 1280 720 42 60 60 0.0125011 0.644776 0.105292 0.750067
/home/smt/Downloads/video/testone8.yuv 6651.66 1280 720 22 30 30 0.02253 0.446096 0.229804 0.6759
/home/smt/Downloads/video/testone8.yuv 4252.22 1280 720 27 30 30 0.0191461 0.406833 0.16755 0.574384
/home/smt/Downloads/video/testone8.yuv 2566.87 1280 720 32 30 30 0.0173158 0.398177 0.121297 0.519474
/home/smt/Downloads/video/testone8.yuv 1477.22 1280 720 37 30 30 0.0169391 0.422799 0.0853749 0.508174
/home/smt/Downloads/video/testone8.yuv 737.813 1280 720 42 30 30 0.0134848 0.34924 0.0553043 0.404544
/home/smt/Downloads/video/testone8.yuv 3572.1 1280 720 22 15 15 0.0254096 0.259869 0.121276 0.381144
/home/smt/Downloads/video/testone8.yuv 2314.09 1280 720 27 15 15 0.0212157 0.225746 0.0924902 0.318236
/home/smt/Downloads/video/testone8.yuv 1416.68 1280 720 32 15 15 0.0204484 0.241707 0.0650196 0.306727
/home/smt/Downloads/video/testone8.yuv 829.015 1280 720 37 15 15 0.0173779 0.214458 0.0462105 0.260668
/home/smt/Downloads/video/testone8.yuv 422.914 1280 720 42 15 15 0.0153389 0.198647 0.0314368 0.230083
/home/smt/Downloads/video/testone8.yuv 14383.8 960 540 22 120 120 0.0126179 1.00965 0.504493 1.51414
/home/smt/Downloads/video/testone8.yuv 9038.35 960 540 27 120 120 0.0108828 0.939564 0.366377 1.30594
/home/smt/Downloads/video/testone8.yuv 5319.67 960 540 32 120 120 0.0162678 1.39982 0.55231 1.95213
/home/smt/Downloads/video/testone8.yuv 2924.39 960 540 37 120 120 0.0173272 1.69807 0.381199 2.07927
/home/smt/Downloads/video/testone8.yuv 1355.43 960 540 42 120 120 0.0134827 1.49457 0.123351 1.61793
/home/smt/Downloads/video/testone8.yuv 7733.79 960 540 22 60 60 0.0131537 0.521123 0.268101 0.789224
/home/smt/Downloads/video/testone8.yuv 4941.68 960 540 27 60 60 0.0112821 0.480069 0.196858 0.676927
/home/smt/Downloads/video/testone8.yuv 2963.5 960 540 32 60 60 0.010298 0.478937 0.138946 0.617883
/home/smt/Downloads/video/testone8.yuv 1676.89 960 540 37 60 60 0.00905724 0.444098 0.0993368 0.543435
/home/smt/Downloads/video/testone8.yuv 810.371 960 540 42 60 60 0.00789553 0.40786 0.0658722 0.473732
/home/smt/Downloads/video/testone8.yuv 4079.34 960 540 22 30 30 0.0146279 0.297673 0.141164 0.438837
/home/smt/Downloads/video/testone8.yuv 2633.69 960 540 27 30 30 0.0117645 0.248741 0.104195 0.352936
/home/smt/Downloads/video/testone8.yuv 1601.45 960 540 32 30 30 0.0114452 0.267884 0.0754713 0.343355
/home/smt/Downloads/video/testone8.yuv 925.49 960 540 37 30 30 0.00949704 0.233712 0.0511994 0.284911
/home/smt/Downloads/video/testone8.yuv 459.638 960 540 42 30 30 0.0082839 0.211997 0.0365195 0.248517
/home/smt/Downloads/video/testone8.yuv 2189.57 960 540 22 15 15 0.0147464 0.146717 0.0744795 0.221196
/home/smt/Downloads/video/testone8.yuv 1427.93 960 540 27 15 15 0.015094 0.171066 0.0553433 0.226409
/home/smt/Downloads/video/testone8.yuv 878.406 960 540 32 15 15 0.0119299 0.139087 0.0398614 0.178949
/home/smt/Downloads/video/testone8.yuv 516.072 960 540 37 15 15 0.0122571 0.153596 0.0302608 0.183857
/home/smt/Downloads/video/testone8.yuv 262.222 960 540 42 15 15 0.0095599 0.123668 0.0197301 0.143398
/home/smt/Downloads/video/testone8.yuv 7186.47 640 360 22 120 120 0.00566175 0.433712 0.245698 0.67941
/home/smt/Downloads/video/testone8.yuv 4591.23 640 360 27 120 120 0.00498385 0.41817 0.179892 0.598062
/home/smt/Downloads/video/testone8.yuv 2726.8 640 360 32 120 120 0.00415918 0.369903 0.129199 0.499102
/home/smt/Downloads/video/testone8.yuv 1494.94 640 360 37 120 120 0.00363911 0.345839 0.0908536 0.436693
/home/smt/Downloads/video/testone8.yuv 681.489 640 360 42 120 120 0.00321646 0.326032 0.0599431 0.385975
/home/smt/Downloads/video/testone8.yuv 3891.92 640 360 22 60 60 0.00610998 0.234696 0.131903 0.366599
/home/smt/Downloads/video/testone8.yuv 2521.78 640 360 27 60 60 0.00519373 0.21077 0.100854 0.311624
/home/smt/Downloads/video/testone8.yuv 1527.59 640 360 32 60 60 0.00917076 0.202375 0.347871 0.550246
/home/smt/Downloads/video/testone8.yuv 860.01 640 360 37 60 60 0.0112425 0.563553 0.110995 0.674548
/home/smt/Downloads/video/testone8.yuv 409.121 640 360 42 60 60 0.008026 0.405668 0.0758915 0.48156
/home/smt/Downloads/video/testone8.yuv 2048.14 640 360 22 30 30 0.0149225 0.300031 0.147643 0.447674
/home/smt/Downloads/video/testone8.yuv 1340.51 640 360 27 30 30 0.0135415 0.294127 0.112119 0.406246
/home/smt/Downloads/video/testone8.yuv 824.591 640 360 32 30 30 0.0121163 0.28128 0.0822103 0.36349
/home/smt/Downloads/video/testone8.yuv 475.169 640 360 37 30 30 0.0105154 0.253782 0.0616806 0.315462
/home/smt/Downloads/video/testone8.yuv 234.4 640 360 42 30 30 0.00928494 0.234328 0.0442208 0.278548
/home/smt/Downloads/video/testone8.yuv 1096.26 640 360 22 15 15 0.0160726 0.15994 0.0811492 0.241089
/home/smt/Downloads/video/testone8.yuv 724.84 640 360 27 15 15 0.0141985 0.152664 0.0603129 0.212977
/home/smt/Downloads/video/testone8.yuv 450.529 640 360 32 15 15 0.0126305 0.147598 0.0418589 0.189457
/home/smt/Downloads/video/testone8.yuv 264.562 640 360 37 15 15 0.0109677 0.130772 0.0337446 0.164516
/home/smt/Downloads/video/testone8.yuv 133.34 640 360 42 15 15 0.0117232 0.154041 0.0218071 0.175848
/home/smt/Downloads/video/testone9.yuv 2082.32 1920 1080 22 120 120 0.0271737 2.80652 0.454318 3.26084
/home/smt/Downloads/video/testone9.yuv 1070.57 1920 1080 27 120 120 0.0259825 2.7211 0.396794 3.11789
/home/smt/Downloads/video/testone9.yuv 496.04 1920 1080 32 120 120 0.0251345 2.68999 0.32615 3.01614
/home/smt/Downloads/video/testone9.yuv 230.219 1920 1080 37 120 120 0.0239925 2.57595 0.30315 2.8791
/home/smt/Downloads/video/testone9.yuv 110.09 1920 1080 42 120 120 0.0114747 1.24966 0.1273 1.37696
/home/smt/Downloads/video/testone9.yuv 2076.86 1920 1080 22 60 60 0.033369 1.6535 0.348647 2.00214
/home/smt/Downloads/video/testone9.yuv 1067.13 1920 1080 27 60 60 0.0321368 1.65974 0.268467 1.92821
/home/smt/Downloads/video/testone9.yuv 492.777 1920 1080 32 60 60 0.0287959 1.51962 0.208136 1.72775
/home/smt/Downloads/video/testone9.yuv 226.925 1920 1080 37 60 60 0.0268557 1.43327 0.178071 1.61134
/home/smt/Downloads/video/testone9.yuv 106.577 1920 1080 42 60 60 0.0253207 1.36511 0.154137 1.51924
/home/smt/Downloads/video/testone9.yuv 2061.12 1920 1080 22 30 30 0.0482872 1.17508 0.273531 1.44861
/home/smt/Downloads/video/testone9.yuv 1061.05 1920 1080 27 30 30 0.0427969 1.08364 0.200267 1.28391
/home/smt/Downloads/video/testone9.yuv 489.707 1920 1080 32 30 30 0.0355521 0.924159 0.142404 1.06656
/home/smt/Downloads/video/testone9.yuv 224.584 1920 1080 37 30 30 0.0316763 0.840549 0.109741 0.95029
/home/smt/Downloads/video/testone9.yuv 104.42 1920 1080 42 30 30 0.0289027 0.778388 0.0886929 0.867081
/home/smt/Downloads/video/testone9.yuv 1381.47 1920 1080 22 15 15 0.0552595 0.659438 0.169454 0.828892
/home/smt/Downloads/video/testone9.yuv 740.766 1920 1080 27 15 15 0.0474824 0.588391 0.123845 0.712236
/home/smt/Downloads/video/testone9.yuv 362.688 1920 1080 32 15 15 0.043455 0.561111 0.090714 0.651825
/home/smt/Downloads/video/testone9.yuv 175.095 1920 1080 37 15 15 0.035927 0.473854 0.0650514 0.538905
/home/smt/Downloads/video/testone9.yuv 83.402 1920 1080 42 15 15 0.0320264 0.42957 0.0508262 0.480396
/home/smt/Downloads/video/testone9.yuv 1291.37 1280 720 22 120 120 0.00668355 0.69269 0.109337 0.802027
/home/smt/Downloads/video/testone9.yuv 683.275 1280 720 27 120 120 0.00564482 0.588856 0.0885225 0.677378
/home/smt/Downloads/video/testone9.yuv 307.283 1280 720 32 120 120 0.00540633 0.57576 0.0729996 0.64876
/home/smt/Downloads/video/testone9.yuv 130.086 1280 720 37 120 120 0.00505723 0.543551 0.0633167 0.606868
/home/smt/Downloads/video/testone9.yuv 59.568 1280 720 42 120 120 0.00452473 0.484298 0.0586692 0.542967
/home/smt/Downloads/video/testone9.yuv 1287.56 1280 720 22 60 60 0.00730598 0.357054 0.0813042 0.438359
/home/smt/Downloads/video/testone9.yuv 680.027 1280 720 27 60 60 0.0183503 0.963849 0.137168 1.10102
/home/smt/Downloads/video/testone9.yuv 304.053 1280 720 32 60 60 0.0137798 0.720804 0.105983 0.826787
/home/smt/Downloads/video/testone9.yuv 126.839 1280 720 37 60 60 0.0133794 0.719957 0.0828063 0.802763
/home/smt/Downloads/video/testone9.yuv 56.32 1280 720 42 60 60 0.0121104 0.656345 0.0702777 0.726623
/home/smt/Downloads/video/testone9.yuv 1279.6 1280 720 22 30 30 0.0220233 0.511092 0.149609 0.6607
/home/smt/Downloads/video/testone9.yuv 676.136 1280 720 27 30 30 0.0195692 0.483488 0.103588 0.587076
/home/smt/Downloads/video/testone9.yuv 301.768 1280 720 32 30 30 0.0178424 0.465193 0.070079 0.535272
/home/smt/Downloads/video/testone9.yuv 124.826 1280 720 37 30 30 0.0154493 0.410702 0.0527767 0.463478
/home/smt/Downloads/video/testone9.yuv 54.349 1280 720 42 30 30 0.0131413 0.353428 0.0408097 0.394238
/home/smt/Downloads/video/testone9.yuv 860.008 1280 720 22 15 15 0.0254907 0.292597 0.0897634 0.38236
/home/smt/Downloads/video/testone9.yuv 475.756 1280 720 27 15 15 0.0227595 0.278048 0.063344 0.341392
/home/smt/Downloads/video/testone9.yuv 223.808 1280 720 32 15 15 0.0204132 0.26314 0.0430582 0.306198
/home/smt/Downloads/video/testone9.yuv 98.176 1280 720 37 15 15 0.0180992 0.241807 0.0296813 0.271488
/home/smt/Downloads/video/testone9.yuv 43.889 1280 720 42 15 15 0.0152067 0.206287 0.0218136 0.2281
/home/smt/Downloads/video/testone9.yuv 943.691 960 540 22 120 120 0.00800398 0.812137 0.148341 0.960478
/home/smt/Downloads/video/testone9.yuv 494.262 960 540 27 120 120 0.00736264 0.76311 0.120406 0.883516
/home/smt/Downloads/video/testone9.yuv 210.98 960 540 32 120 120 0.00845417 0.906287 0.108213 1.0145
/home/smt/Downloads/video/testone9.yuv 85.593 960 540 37 120 120 0.00563189 0.631072 0.044754 0.675826
/home/smt/Downloads/video/testone9.yuv 39.686 960 540 42 120 120 0.00336522 0.370223 0.0336029 0.403826
/home/smt/Downloads/video/testone9.yuv 940.484 960 540 22 60 60 0.00483823 0.235376 0.0549174 0.290294
/home/smt/Downloads/video/testone9.yuv 491.252 960 540 27 60 60 0.015508 0.847514 0.0829635 0.930478
/home/smt/Downloads/video/testone9.yuv 208.077 960 540 32 60 60 0.00787429 0.412549 0.0599078 0.472457
/home/smt/Downloads/video/testone9.yuv 82.717 960 540 37 60 60 0.00844097 0.459428 0.0470301 0.506458
/home/smt/Downloads/video/testone9.yuv 36.602 960 540 42 60 60 0.00721126 0.382495 0.0501802 0.432676
/home/smt/Downloads/video/testone9.yuv 935.601 960 540 22 30 30 0.0123352 0.322064 0.0479921 0.370057
/home/smt/Downloads/video/testone9.yuv 488.671 960 540 27 30 30 0.00577024 0.139527 0.0335806 0.173107
/home/smt/Downloads/video/testone9.yuv 206.103 960 540 32 30 30 0.00472912 0.119248 0.0226255 0.141874
/home/smt/Downloads/video/testone9.yuv 81.022 960 540 37 30 30 0.00429516 0.11364 0.0152147 0.128855
/home/smt/Downloads/video/testone9.yuv 34.927 960 540 42 30 30 0.0075624 0.215907 0.0109652 0.226872
/home/smt/Downloads/video/testone9.yuv 611.886 960 540 22 15 15 0.0122316 0.155196 0.0282773 0.183474
/home/smt/Downloads/video/testone9.yuv 337.396 960 540 27 15 15 0.00773378 0.0971471 0.0188596 0.116007
/home/smt/Downloads/video/testone9.yuv 150.272 960 540 32 15 15 0.00804922 0.107871 0.0128675 0.120738
/home/smt/Downloads/video/testone9.yuv 63.69 960 540 37 15 15 0.00699226 0.0961836 0.00870041 0.104884
/home/smt/Downloads/video/testone9.yuv 28.713 960 540 42 15 15 0.00806534 0.11475 0.00623014 0.12098
/home/smt/Downloads/video/testone9.yuv 453.24 640 360 22 120 120 0.00251089 0.264351 0.0369558 0.301306
/home/smt/Downloads/video/testone9.yuv 234.991 640 360 27 120 120 0.00230541 0.249859 0.02679 0.276649
/home/smt/Downloads/video/testone9.yuv 101.869 640 360 32 120 120 0.00225454 0.249374 0.0211699 0.270544
/home/smt/Downloads/video/testone9.yuv 46.618 640 360 37 120 120 0.00171431 0.187775 0.0179425 0.205718
/home/smt/Downloads/video/testone9.yuv 23.968 640 360 42 120 120 0.00158297 0.17339 0.0165666 0.189957
/home/smt/Downloads/video/testone9.yuv 450.312 640 360 22 60 60 0.00211312 0.101985 0.024802 0.126787
/home/smt/Downloads/video/testone9.yuv 232.263 640 360 27 60 60 0.00265919 0.141586 0.0179652 0.159552
/home/smt/Downloads/video/testone9.yuv 99.084 640 360 32 60 60 0.00170462 0.0880665 0.0142109 0.102277
/home/smt/Downloads/video/testone9.yuv 43.807 640 360 37 60 60 0.0014598 0.0770547 0.0105335 0.0875882
/home/smt/Downloads/video/testone9.yuv 21.145 640 360 42 60 60 0.00141324 0.0760157 0.00877877 0.0847945
/home/smt/Downloads/video/testone9.yuv 446.965 640 360 22 30 30 0.00278003 0.0627297 0.0206711 0.0834008
/home/smt/Downloads/video/testone9.yuv 230.556 640 360 27 30 30 0.00247352 0.0593999 0.0148056 0.0742055
/home/smt/Downloads/video/testone9.yuv 97.588 640 360 32 30 30 0.00213716 0.0541629 0.00995207 0.0641149
/home/smt/Downloads/video/testone9.yuv 42.272 640 360 37 30 30 0.00176098 0.0460995 0.00672991 0.0528295
/home/smt/Downloads/video/testone9.yuv 19.636 640 360 42 30 30 0.00226428 0.062012 0.00591642 0.0679284
/home/smt/Downloads/video/testone9.yuv 305.469 640 360 22 15 15 0.00473775 0.0571626 0.0139037 0.0710663
/home/smt/Downloads/video/testone9.yuv 164.843 640 360 27 15 15 0.00436798 0.0560311 0.00948853 0.0655196
/home/smt/Downloads/video/testone9.yuv 73.089 640 360 32 15 15 0.00390847 0.0527659 0.00586113 0.0586271
/home/smt/Downloads/video/testone9.yuv 33.43 640 360 37 15 15 0.00366651 0.05055 0.00444774 0.0549977
/home/smt/Downloads/video/testone9.yuv 15.803 640 360 42 15 15 0.00302728 0.0422375 0.00317164 0.0454092
/home/smt/Downloads/video/testone10.yuv 855.875 1920 1080 22 120 120 0.0121222 1.27636 0.178309 1.45467
/home/smt/Downloads/video/testone10.yuv 472.914 1920 1080 27 120 120 0.0124923 1.34765 0.151426 1.49908
/home/smt/Downloads/video/testone10.yuv 270.607 1920 1080 32 120 120 0.010206 1.08534 0.139373 1.22472
/home/smt/Downloads/video/testone10.yuv 165.141 1920 1080 37 120 120 0.0125237 1.37045 0.132393 1.50284
/home/smt/Downloads/video/testone10.yuv 100.552 1920 1080 42 120 120 0.00964065 1.03158 0.125294 1.15688
/home/smt/Downloads/video/testone10.yuv 850.066 1920 1080 22 60 60 0.0159546 0.836937 0.12034 0.957277
/home/smt/Downloads/video/testone10.yuv 468.74 1920 1080 27 60 60 0.0137154 0.725422 0.0975013 0.822923
/home/smt/Downloads/video/testone10.yuv 266.464 1920 1080 32 60 60 0.0143905 0.777074 0.0863538 0.863428
/home/smt/Downloads/video/testone10.yuv 161.753 1920 1080 37 60 60 0.0130254 0.706131 0.0753926 0.781523
/home/smt/Downloads/video/testone10.yuv 96.625 1920 1080 42 60 60 0.012503 0.67998 0.0702025 0.750183
/home/smt/Downloads/video/testone10.yuv 838.676 1920 1080 22 30 30 0.0183641 0.467622 0.0832999 0.550922
/home/smt/Downloads/video/testone10.yuv 462.939 1920 1080 27 30 30 0.0166862 0.437082 0.0635042 0.500587
/home/smt/Downloads/video/testone10.yuv 263.078 1920 1080 32 30 30 0.0149753 0.393258 0.056001 0.449259
/home/smt/Downloads/video/testone10.yuv 158.952 1920 1080 37 30 30 0.0131004 0.345697 0.0473148 0.393012
/home/smt/Downloads/video/testone10.yuv 93.641 1920 1080 42 30 30 0.0131958 0.35383 0.0420445 0.395874
/home/smt/Downloads/video/testone10.yuv 609.815 1920 1080 22 15 15 0.023154 0.293028 0.054282 0.34731
/home/smt/Downloads/video/testone10.yuv 346.36 1920 1080 27 15 15 0.0215605 0.281377 0.0420306 0.323408
/home/smt/Downloads/video/testone10.yuv 201.373 1920 1080 32 15 15 0.0173498 0.227157 0.0330902 0.260248
/home/smt/Downloads/video/testone10.yuv 123.9 1920 1080 37 15 15 0.016222 0.214603 0.028727 0.24333
/home/smt/Downloads/video/testone10.yuv 73.72 1920 1080 42 15 15 0.0140743 0.186382 0.0247333 0.211115
/home/smt/Downloads/video/testone10.yuv 491.502 1280 720 22 120 120 0.00537032 0.559936 0.0845034 0.644439
/home/smt/Downloads/video/testone10.yuv 276.699 1280 720 27 120 120 0.0134009 1.45047 0.157638 1.60811
/home/smt/Downloads/video/testone10.yuv 159.143 1280 720 32 120 120 0.0108484 1.15694 0.14487 1.30181
/home/smt/Downloads/video/testone10.yuv 97.02 1280 720 37 120 120 0.0102274 1.098 0.12928 1.22728
/home/smt/Downloads/video/testone10.yuv 58.29 1280 720 42 120 120 0.00925566 0.987195 0.123483 1.11068
/home/smt/Downloads/video/testone10.yuv 486.686 1280 720 22 60 60 0.0138232 0.712693 0.116699 0.829392
/home/smt/Downloads/video/testone10.yuv 273.314 1280 720 27 60 60 0.013883 0.736519 0.0964592 0.832978
/home/smt/Downloads/video/testone10.yuv 155.763 1280 720 32 60 60 0.0119609 0.631596 0.0860596 0.717655
/home/smt/Downloads/video/testone10.yuv 93.788 1280 720 37 60 60 0.0118433 0.632979 0.0776182 0.710597
/home/smt/Downloads/video/testone10.yuv 55.437 1280 720 42 60 60 0.010678 0.573965 0.0667138 0.640679
/home/smt/Downloads/video/testone10.yuv 480.063 1280 720 22 30 30 0.0208061 0.534884 0.0892979 0.624182
/home/smt/Downloads/video/testone10.yuv 269.253 1280 720 27 30 30 0.0168161 0.43547 0.0690137 0.504484
/home/smt/Downloads/video/testone10.yuv 152.906 1280 720 32 30 30 0.0153559 0.405523 0.0551539 0.460677
/home/smt/Downloads/video/testone10.yuv 91.519 1280 720 37 30 30 0.0146305 0.394511 0.0444034 0.438914
/home/smt/Downloads/video/testone10.yuv 54.062 1280 720 42 30 30 0.0128405 0.346158 0.0390583 0.385216
/home/smt/Downloads/video/testone10.yuv 352.06 1280 720 22 15 15 0.0250986 0.321012 0.0554665 0.376479
/home/smt/Downloads/video/testone10.yuv 203.584 1280 720 27 15 15 0.0227388 0.288208 0.0528744 0.341082
/home/smt/Downloads/video/testone10.yuv 118.463 1280 720 32 15 15 0.0184593 0.24229 0.0345999 0.27689
/home/smt/Downloads/video/testone10.yuv 71.777 1280 720 37 15 15 0.0180615 0.239006 0.0319172 0.270923
/home/smt/Downloads/video/testone10.yuv 42.462 1280 720 42 15 15 0.0152872 0.207412 0.0218953 0.229308
/home/smt/Downloads/video/testone10.yuv 370.969 960 540 22 120 120 0.00711684 0.739853 0.114168 0.854021
/home/smt/Downloads/video/testone10.yuv 210.377 960 540 27 120 120 0.00675165 0.709698 0.1005 0.810197
/home/smt/Downloads/video/testone10.yuv 119.732 960 540 32 120 120 0.00612622 0.644478 0.0906687 0.735147
/home/smt/Downloads/video/testone10.yuv 71.247 960 540 37 120 120 0.00606134 0.6374 0.0899608 0.727361
/home/smt/Downloads/video/testone10.yuv 41.966 960 540 42 120 120 0.00570558 0.600121 0.0845488 0.68467
/home/smt/Downloads/video/testone10.yuv 367.312 960 540 22 60 60 0.00860936 0.43744 0.0791215 0.516562
/home/smt/Downloads/video/testone10.yuv 207.216 960 540 27 60 60 0.00799677 0.405029 0.0747768 0.479806
/home/smt/Downloads/video/testone10.yuv 116.881 960 540 32 60 60 0.00721698 0.376039 0.0569801 0.433019
/home/smt/Downloads/video/testone10.yuv 68.19 960 540 37 60 60 0.00652798 0.338447 0.0532317 0.391679
/home/smt/Downloads/video/testone10.yuv 38.912 960 540 42 60 60 0.00693143 0.364931 0.0509545 0.415886
/home/smt/Downloads/video/testone10.yuv 361.517 960 540 22 30 30 0.0122189 0.304291 0.0622766 0.366568
/home/smt/Downloads/video/testone10.yuv 203.986 960 540 27 30 30 0.0102551 0.261276 0.0463776 0.307654
/home/smt/Downloads/video/testone10.yuv 114.917 960 540 32 30 30 0.00925061 0.234727 0.0427914 0.277518
/home/smt/Downloads/video/testone10.yuv 66.76 960 540 37 30 30 0.00878018 0.226911 0.036494 0.263405
/home/smt/Downloads/video/testone10.yuv 37.323 960 540 42 30 30 0.00858056 0.225375 0.032042 0.257417
/home/smt/Downloads/video/testone10.yuv 258.782 960 540 22 15 15 0.0147763 0.179429 0.0422164 0.221645
/home/smt/Downloads/video/testone10.yuv 149.045 960 540 27 15 15 0.0125978 0.158912 0.0300559 0.188968
/home/smt/Downloads/video/testone10.yuv 86.599 960 540 32 15 15 0.0116273 0.154157 0.0202534 0.17441
/home/smt/Downloads/video/testone10.yuv 51.826 960 540 37 15 15 0.00999402 0.133809 0.0161015 0.14991
/home/smt/Downloads/video/testone10.yuv 29.36 960 540 42 15 15 0.00937993 0.126271 0.0144281 0.140699
/home/smt/Downloads/video/testone10.yuv 235.684 640 360 22 120 120 0.00353726 0.363853 0.0606181 0.424471
/home/smt/Downloads/video/testone10.yuv 138.486 640 360 27 120 120 0.00316194 0.330142 0.0492907 0.379433
/home/smt/Downloads/video/testone10.yuv 80.75 640 360 32 120 120 0.00333386 0.347653 0.0524111 0.400064
/home/smt/Downloads/video/testone10.yuv 47.74 640 360 37 120 120 0.00303533 0.322855 0.0413848 0.36424
/home/smt/Downloads/video/testone10.yuv 27.802 640 360 42 120 120 0.003022 0.317064 0.0455756 0.36264
/home/smt/Downloads/video/testone10.yuv 232.786 640 360 22 60 60 0.00437077 0.216352 0.0458938 0.262246
/home/smt/Downloads/video/testone10.yuv 135.647 640 360 27 60 60 0.0038261 0.191908 0.0376581 0.229566
/home/smt/Downloads/video/testone10.yuv 77.942 640 360 32 60 60 0.00377165 0.191671 0.0346281 0.226299
/home/smt/Downloads/video/testone10.yuv 44.962 640 360 37 60 60 0.00330971 0.169949 0.028633 0.198582
/home/smt/Downloads/video/testone10.yuv 24.855 640 360 42 60 60 0.00314159 0.1664 0.0220961 0.188496
/home/smt/Downloads/video/testone10.yuv 229.047 640 360 22 30 30 0.0056984 0.133671 0.037281 0.170952
/home/smt/Downloads/video/testone10.yuv 133.185 640 360 27 30 30 0.00506878 0.12378 0.0282837 0.152063
/home/smt/Downloads/video/testone10.yuv 76.293 640 360 32 30 30 0.00443265 0.111393 0.0215861 0.132979
/home/smt/Downloads/video/testone10.yuv 43.461 640 360 37 30 30 0.00466633 0.122118 0.0178717 0.13999
/home/smt/Downloads/video/testone10.yuv 23.263 640 360 42 30 30 0.00358078 0.0961124 0.011311 0.107423
/home/smt/Downloads/video/testone10.yuv 162.098 640 360 22 15 15 0.00710328 0.0803311 0.0262181 0.106549
/home/smt/Downloads/video/testone10.yuv 95.835 640 360 27 15 15 0.00683133 0.0845874 0.0178825 0.10247
/home/smt/Downloads/video/testone10.yuv 55.958 640 360 32 15 15 0.00533741 0.0649759 0.0150852 0.0800611
/home/smt/Downloads/video/testone10.yuv 32.931 640 360 37 15 15 0.00510746 0.0645567 0.0120553 0.0766119
/home/smt/Downloads/video/testone10.yuv 18.298 640 360 42 15 15 0.00447565 0.0597083 0.00742654 0.0671348
/home/smt/Downloads/video/testone11.yuv 928.773 1920 1080 22 120 120 0.0255587 2.6981 0.368947 3.06705
/home/smt/Downloads/video/testone11.yuv 484.867 1920 1080 27 120 120 0.0247124 2.63747 0.328012 2.96548
/home/smt/Downloads/video/testone11.yuv 251.485 1920 1080 32 120 120 0.0227456 2.44239 0.287082 2.72948
/home/smt/Downloads/video/testone11.yuv 137.973 1920 1080 37 120 120 0.022794 2.47019 0.265086 2.73528
/home/smt/Downloads/video/testone11.yuv 80.448 1920 1080 42 120 120 0.0218113 2.36004 0.257316 2.61735
/home/smt/Downloads/video/testone11.yuv 920.854 1920 1080 22 60 60 0.0321798 1.68292 0.247868 1.93079
/home/smt/Downloads/video/testone11.yuv 480.634 1920 1080 27 60 60 0.0280327 1.48607 0.195894 1.68196
/home/smt/Downloads/video/testone11.yuv 247.59 1920 1080 32 60 60 0.0262997 1.40203 0.175955 1.57798
/home/smt/Downloads/video/testone11.yuv 134.494 1920 1080 37 60 60 0.0246981 1.3188 0.163087 1.48189
/home/smt/Downloads/video/testone11.yuv 76.966 1920 1080 42 60 60 0.0240933 1.29821 0.147392 1.4456
/home/smt/Downloads/video/testone11.yuv 906.251 1920 1080 22 30 30 0.0398549 1.01336 0.182284 1.19565
/home/smt/Downloads/video/testone11.yuv 473.991 1920 1080 27 30 30 0.0359888 0.947048 0.132615 1.07966
/home/smt/Downloads/video/testone11.yuv 243.391 1920 1080 32 30 30 0.0312414 0.829287 0.107956 0.937243
/home/smt/Downloads/video/testone11.yuv 131.715 1920 1080 37 30 30 0.0259388 0.734974 0.0431894 0.778164
/home/smt/Downloads/video/testone11.yuv 75.097 1920 1080 42 30 30 0.0136688 0.37138 0.0386844 0.410064
/home/smt/Downloads/video/testone11.yuv 689.607 1920 1080 22 15 15 0.0217349 0.269333 0.0566905 0.326024
/home/smt/Downloads/video/testone11.yuv 368.396 1920 1080 27 15 15 0.0213874 0.27828 0.0425303 0.320811
/home/smt/Downloads/video/testone11.yuv 192.571 1920 1080 32 15 15 0.0163736 0.210257 0.0353474 0.245605
/home/smt/Downloads/video/testone11.yuv 105.036 1920 1080 37 15 15 0.0171935 0.231737 0.0261658 0.257903
/home/smt/Downloads/video/testone11.yuv 59.428 1920 1080 42 15 15 0.0147268 0.197036 0.023865 0.220901
/home/smt/Downloads/video/testone11.yuv 517.136 1280 720 22 120 120 0.0130054 1.35757 0.203069 1.56064
/home/smt/Downloads/video/testone11.yuv 273.209 1280 720 27 120 120 0.011472 1.22274 0.153904 1.37664
/home/smt/Downloads/video/testone11.yuv 146.357 1280 720 32 120 120 0.0107359 1.15108 0.137236 1.28831
/home/smt/Downloads/video/testone11.yuv 85.639 1280 720 37 120 120 0.0107234 1.15659 0.130214 1.28681
/home/smt/Downloads/video/testone11.yuv 49.827 1280 720 42 120 120 0.00980932 1.05668 0.120442 1.17712
/home/smt/Downloads/video/testone11.yuv 511.803 1280 720 22 60 60 0.0149869 0.777173 0.12204 0.899213
/home/smt/Downloads/video/testone11.yuv 269.756 1280 720 27 60 60 0.0134612 0.711205 0.0964693 0.807675
/home/smt/Downloads/video/testone11.yuv 143.226 1280 720 32 60 60 0.0119367 0.62865 0.0875543 0.716204
/home/smt/Downloads/video/testone11.yuv 81.727 1280 720 37 60 60 0.0121358 0.64954 0.0786077 0.728147
/home/smt/Downloads/video/testone11.yuv 46.753 1280 720 42 60 60 0.0116482 0.627824 0.0710673 0.698891
/home/smt/Downloads/video/testone11.yuv 503.618 1280 720 22 30 30 0.0192346 0.483016 0.0940215 0.577037
/home/smt/Downloads/video/testone11.yuv 265.354 1280 720 27 30 30 0.0164454 0.423169 0.0701926 0.493361
/home/smt/Downloads/video/testone11.yuv 140.404 1280 720 32 30 30 0.0151659 0.401932 0.0530443 0.454976
/home/smt/Downloads/video/testone11.yuv 79.451 1280 720 37 30 30 0.0136038 0.362671 0.045442 0.408113
/home/smt/Downloads/video/testone11.yuv 44.712 1280 720 42 30 30 0.0138838 0.37338 0.0431334 0.416513
/home/smt/Downloads/video/testone11.yuv 380.784 1280 720 22 15 15 0.0223346 0.276904 0.0581155 0.335019
/home/smt/Downloads/video/testone11.yuv 204.923 1280 720 27 15 15 0.0194535 0.251966 0.0398371 0.291803
/home/smt/Downloads/video/testone11.yuv 110.38 1280 720 32 15 15 0.0171981 0.227733 0.0302384 0.257971
/home/smt/Downloads/video/testone11.yuv 63.161 1280 720 37 15 15 0.0154285 0.203015 0.0284121 0.231427
/home/smt/Downloads/video/testone11.yuv 35.846 1280 720 42 15 15 0.0146263 0.193481 0.0259137 0.219395
/home/smt/Downloads/video/testone11.yuv 351.528 960 540 22 120 120 0.00730278 0.767906 0.108428 0.876334
/home/smt/Downloads/video/testone11.yuv 187.872 960 540 27 120 120 0.00679987 0.7181 0.0978843 0.815984
/home/smt/Downloads/video/testone11.yuv 104.189 960 540 32 120 120 0.00650562 0.696025 0.0846499 0.780675
/home/smt/Downloads/video/testone11.yuv 61.337 960 540 37 120 120 0.00658487 0.7089 0.081284 0.790184
/home/smt/Downloads/video/testone11.yuv 35.83 960 540 42 120 120 0.0059108 0.629365 0.0799312 0.709296
/home/smt/Downloads/video/testone11.yuv 347.584 960 540 22 60 60 0.00910127 0.46955 0.0765266 0.546076
/home/smt/Downloads/video/testone11.yuv 184.563 960 540 27 60 60 0.0080584 0.419514 0.06399 0.483504
/home/smt/Downloads/video/testone11.yuv 101.384 960 540 32 60 60 0.00782739 0.413747 0.0558962 0.469643
/home/smt/Downloads/video/testone11.yuv 58.446 960 540 37 60 60 0.00717812 0.387257 0.0434306 0.430687
/home/smt/Downloads/video/testone11.yuv 32.756 960 540 42 60 60 0.0065841 0.353007 0.0420394 0.395046
/home/smt/Downloads/video/testone11.yuv 342.045 960 540 22 30 30 0.0126265 0.320869 0.0579246 0.378794
/home/smt/Downloads/video/testone11.yuv 181.692 960 540 27 30 30 0.0104674 0.273342 0.0406814 0.314023
/home/smt/Downloads/video/testone11.yuv 99.171 960 540 32 30 30 0.0090269 0.23675 0.0340569 0.270807
/home/smt/Downloads/video/testone11.yuv 56.541 960 540 37 30 30 0.0088853 0.234052 0.0325069 0.266559
/home/smt/Downloads/video/testone11.yuv 31.118 960 540 42 30 30 0.0083097 0.215797 0.0334942 0.249291
/home/smt/Downloads/video/testone11.yuv 250.265 960 540 22 15 15 0.0133915 0.165684 0.0351883 0.200872
/home/smt/Downloads/video/testone11.yuv 135.211 960 540 27 15 15 0.0132601 0.169468 0.0294332 0.198901
/home/smt/Downloads/video/testone11.yuv 76.094 960 540 32 15 15 0.0115868 0.151438 0.022364 0.173802
/home/smt/Downloads/video/testone11.yuv 44.853 960 540 37 15 15 0.0101213 0.134651 0.0171686 0.15182
/home/smt/Downloads/video/testone11.yuv 24.853 960 540 42 15 15 0.00937847 0.125086 0.0155909 0.140677
/home/smt/Downloads/video/testone11.yuv 208.075 640 360 22 120 120 0.00349804 0.357902 0.0618624 0.419764
/home/smt/Downloads/video/testone11.yuv 119.828 640 360 27 120 120 0.00338396 0.355058 0.0510168 0.406075
/home/smt/Downloads/video/testone11.yuv 69.175 640 360 32 120 120 0.00317484 0.332517 0.048463 0.38098
/home/smt/Downloads/video/testone11.yuv 40.613 640 360 37 120 120 0.00307833 0.326635 0.0427644 0.369399
/home/smt/Downloads/video/testone11.yuv 23.374 640 360 42 120 120 0.00288965 0.306139 0.0406185 0.346758
/home/smt/Downloads/video/testone11.yuv 204.957 640 360 22 60 60 0.00402158 0.198696 0.0425988 0.241295
/home/smt/Downloads/video/testone11.yuv 117.036 640 360 27 60 60 0.00361821 0.18055 0.0365428 0.217093
/home/smt/Downloads/video/testone11.yuv 66.367 640 360 32 60 60 0.00357164 0.182533 0.0317658 0.214298
/home/smt/Downloads/video/testone11.yuv 37.871 640 360 37 60 60 0.00317247 0.168877 0.0214709 0.190348
/home/smt/Downloads/video/testone11.yuv 20.623 640 360 42 60 60 0.00318438 0.16496 0.0261026 0.191063
/home/smt/Downloads/video/testone11.yuv 202.04 640 360 22 30 30 0.00535018 0.126043 0.0344624 0.160505
/home/smt/Downloads/video/testone11.yuv 114.946 640 360 27 30 30 0.00487324 0.118734 0.0274631 0.146197
/home/smt/Downloads/video/testone11.yuv 64.745 640 360 32 30 30 0.00461219 0.118989 0.0193767 0.138366
/home/smt/Downloads/video/testone11.yuv 36.258 640 360 37 30 30 0.00405753 0.10443 0.0172962 0.121726
/home/smt/Downloads/video/testone11.yuv 19.087 640 360 42 30 30 0.00350267 0.0928457 0.0122345 0.10508
/home/smt/Downloads/video/testone11.yuv 138.761 640 360 22 15 15 0.00415857 0.0488426 0.013536 0.0623786
/home/smt/Downloads/video/testone11.yuv 80.646 640 360 27 15 15 0.00261952 0.0333039 0.00598892 0.0392928
/home/smt/Downloads/video/testone11.yuv 47.081 640 360 32 15 15 0.00222941 0.0287574 0.00468368 0.0334411
/home/smt/Downloads/video/testone11.yuv 27.993 640 360 37 15 15 0.00228413 0.0304817 0.00378026 0.034262
/home/smt/Downloads/video/testone11.yuv 15.27 640 360 42 15 15 0.00175395 0.0232821 0.00302717 0.0263093
/home/smt/Downloads/video/testone12.yuv 676.716 1920 1080 22 120 120 0.0258181 2.9334 0.164777 3.09817
/home/smt/Downloads/video/testone12.yuv 368.721 1920 1080 27 120 120 0.0115898 1.23443 0.156339 1.39077
/home/smt/Downloads/video/testone12.yuv 200.983 1920 1080 32 120 120 0.0109694 1.17689 0.139446 1.31633
/home/smt/Downloads/video/testone12.yuv 119.245 1920 1080 37 120 120 0.0106665 1.14899 0.130991 1.27998
/home/smt/Downloads/video/testone12.yuv 70.334 1920 1080 42 120 120 0.0257465 2.82275 0.266824 3.08958
/home/smt/Downloads/video/testone12.yuv 669.288 1920 1080 22 60 60 0.0289195 1.51867 0.216494 1.73517
/home/smt/Downloads/video/testone12.yuv 364.248 1920 1080 27 60 60 0.026372 1.39774 0.184583 1.58232
/home/smt/Downloads/video/testone12.yuv 197.71 1920 1080 32 60 60 0.025606 1.37374 0.162623 1.53636
/home/smt/Downloads/video/testone12.yuv 115.664 1920 1080 37 60 60 0.0244796 1.31873 0.150048 1.46878
/home/smt/Downloads/video/testone12.yuv 66.921 1920 1080 42 60 60 0.0234865 1.26084 0.148348 1.40919
/home/smt/Downloads/video/testone12.yuv 659.732 1920 1080 22 30 30 0.0375175 0.972315 0.153211 1.12553
/home/smt/Downloads/video/testone12.yuv 359.89 1920 1080 27 30 30 0.0326485 0.861355 0.118101 0.979456
/home/smt/Downloads/video/testone12.yuv 194.609 1920 1080 32 30 30 0.0296317 0.791267 0.0976828 0.88895
/home/smt/Downloads/video/testone12.yuv 113.538 1920 1080 37 30 30 0.0269988 0.7186 0.0913637 0.809964
/home/smt/Downloads/video/testone12.yuv 64.641 1920 1080 42 30 30 0.026256 0.711072 0.0766078 0.78768
/home/smt/Downloads/video/testone12.yuv 488.408 1920 1080 22 15 15 0.0786439 1.08573 0.0939257 1.17966
/home/smt/Downloads/video/testone12.yuv 273.243 1920 1080 27 15 15 0.039128 0.515734 0.0711857 0.58692
/home/smt/Downloads/video/testone12.yuv 153.438 1920 1080 32 15 15 0.0335689 0.446768 0.0567655 0.503533
/home/smt/Downloads/video/testone12.yuv 92.238 1920 1080 37 15 15 0.0463854 0.644645 0.0511364 0.695782
/home/smt/Downloads/video/testone12.yuv 53.125 1920 1080 42 15 15 0.0343077 0.470011 0.044604 0.514615
/home/smt/Downloads/video/testone12.yuv 380.54 1280 720 22 120 120 0.0113754 1.20324 0.161803 1.36504
/home/smt/Downloads/video/testone12.yuv 212.779 1280 720 27 120 120 0.0106363 1.12191 0.154443 1.27635
/home/smt/Downloads/video/testone12.yuv 119.43 1280 720 32 120 120 0.0109027 1.10318 0.205151 1.30833
/home/smt/Downloads/video/testone12.yuv 71.279 1280 720 37 120 120 0.00939555 1.00048 0.126982 1.12747
/home/smt/Downloads/video/testone12.yuv 43.007 1280 720 42 120 120 0.00974318 1.05165 0.117528 1.16918
/home/smt/Downloads/video/testone12.yuv 375.769 1280 720 22 60 60 0.0140232 0.728939 0.112454 0.841394
/home/smt/Downloads/video/testone12.yuv 209.363 1280 720 27 60 60 0.0120728 0.63471 0.0896564 0.724366
/home/smt/Downloads/video/testone12.yuv 116.362 1280 720 32 60 60 0.0109142 0.579869 0.0749857 0.654855
/home/smt/Downloads/video/testone12.yuv 68.198 1280 720 37 60 60 0.0121125 0.649096 0.0776546 0.72675
/home/smt/Downloads/video/testone12.yuv 39.769 1280 720 42 60 60 0.0105378 0.570703 0.061564 0.632267
/home/smt/Downloads/video/testone12.yuv 370.416 1280 720 22 30 30 0.0175244 0.448743 0.0769905 0.525733
/home/smt/Downloads/video/testone12.yuv 206.384 1280 720 27 30 30 0.0151942 0.396897 0.0589295 0.455827
/home/smt/Downloads/video/testone12.yuv 114.341 1280 720 32 30 30 0.0141113 0.377564 0.0457753 0.423339
/home/smt/Downloads/video/testone12.yuv 66.234 1280 720 37 30 30 0.013102 0.350347 0.042713 0.39306
/home/smt/Downloads/video/testone12.yuv 37.88 1280 720 42 30 30 0.0135049 0.363487 0.0416598 0.405147
/home/smt/Downloads/video/testone12.yuv 278.982 1280 720 22 15 15 0.0205718 0.258589 0.0499872 0.308577
/home/smt/Downloads/video/testone12.yuv 159.91 1280 720 27 15 15 0.019419 0.256506 0.0347794 0.291285
/home/smt/Downloads/video/testone12.yuv 91.05 1280 720 32 15 15 0.0178035 0.233655 0.033398 0.267053
/home/smt/Downloads/video/testone12.yuv 53.892 1280 720 37 15 15 0.0167574 0.226033 0.0253274 0.251361
/home/smt/Downloads/video/testone12.yuv 31.15 1280 720 42 15 15 0.0167477 0.231277 0.0199385 0.251216
/home/smt/Downloads/video/testone12.yuv 280.008 960 540 22 120 120 0.00740334 0.777691 0.11071 0.888401
/home/smt/Downloads/video/testone12.yuv 155.823 960 540 27 120 120 0.00684514 0.727885 0.0935313 0.821416
/home/smt/Downloads/video/testone12.yuv 86.404 960 540 32 120 120 0.00595731 0.629799 0.085078 0.714877
/home/smt/Downloads/video/testone12.yuv 50.898 960 540 37 120 120 0.00573432 0.610769 0.0773497 0.688119
/home/smt/Downloads/video/testone12.yuv 30.261 960 540 42 120 120 0.00559717 0.598069 0.0735905 0.67166
/home/smt/Downloads/video/testone12.yuv 276.241 960 540 22 60 60 0.00811693 0.414963 0.0720527 0.487016
/home/smt/Downloads/video/testone12.yuv 152.743 960 540 27 60 60 0.00745382 0.387572 0.0596567 0.447229
/home/smt/Downloads/video/testone12.yuv 83.32 960 540 32 60 60 0.00706364 0.375935 0.0478833 0.423818
/home/smt/Downloads/video/testone12.yuv 47.884 960 540 37 60 60 0.00690492 0.367702 0.0465933 0.414295
/home/smt/Downloads/video/testone12.yuv 27.193 960 540 42 60 60 0.00627594 0.332186 0.04437 0.376556
/home/smt/Downloads/video/testone12.yuv 272.222 960 540 22 30 30 0.0111666 0.28223 0.0527678 0.334998
/home/smt/Downloads/video/testone12.yuv 150.102 960 540 27 30 30 0.00968876 0.245006 0.0456564 0.290663
/home/smt/Downloads/video/testone12.yuv 81.437 960 540 32 30 30 0.00813086 0.208755 0.0351705 0.243926
/home/smt/Downloads/video/testone12.yuv 46.137 960 540 37 30 30 0.00726323 0.18776 0.0301371 0.217897
/home/smt/Downloads/video/testone12.yuv 25.706 960 540 42 30 30 0.00698927 0.184185 0.0254933 0.209678
/home/smt/Downloads/video/testone12.yuv 203.304 960 540 22 15 15 0.0139825 0.178227 0.0315104 0.209737
/home/smt/Downloads/video/testone12.yuv 115.915 960 540 27 15 15 0.0117083 0.14291 0.0327153 0.175625
/home/smt/Downloads/video/testone12.yuv 64.927 960 540 32 15 15 0.00876427 0.114574 0.0168898 0.131464
/home/smt/Downloads/video/testone12.yuv 37.978 960 540 37 15 15 0.00902572 0.121364 0.0140221 0.135386
/home/smt/Downloads/video/testone12.yuv 21.226 960 540 42 15 15 0.00975013 0.130709 0.0155433 0.146252
/home/smt/Downloads/video/testone12.yuv 166.714 640 360 22 120 120 0.00352159 0.369454 0.0531376 0.422591
/home/smt/Downloads/video/testone12.yuv 96.022 640 360 27 120 120 0.00325151 0.342496 0.0476851 0.390181
/home/smt/Downloads/video/testone12.yuv 54.497 640 360 32 120 120 0.00299394 0.316611 0.0426615 0.359272
/home/smt/Downloads/video/testone12.yuv 32.269 640 360 37 120 120 0.00307149 0.328 0.0405779 0.368578
/home/smt/Downloads/video/testone12.yuv 19.253 640 360 42 120 120 0.0028698 0.309161 0.0352153 0.344376
/home/smt/Downloads/video/testone12.yuv 163.684 640 360 22 60 60 0.0040785 0.205998 0.038712 0.24471
/home/smt/Downloads/video/testone12.yuv 93.348 640 360 27 60 60 0.00365948 0.18938 0.0301888 0.219569
/home/smt/Downloads/video/testone12.yuv 51.596 640 360 32 60 60 0.00354775 0.190392 0.0224725 0.212865
/home/smt/Downloads/video/testone12.yuv 29.505 640 360 37 60 60 0.0033781 0.182548 0.0201385 0.202686
/home/smt/Downloads/video/testone12.yuv 16.417 640 360 42 60 60 0.0031711 0.170326 0.0199403 0.190266
/home/smt/Downloads/video/testone12.yuv 160.959 640 360 22 30 30 0.00545154 0.135213 0.0283331 0.163546
/home/smt/Downloads/video/testone12.yuv 91.378 640 360 27 30 30 0.00498851 0.130438 0.0192169 0.149655
/home/smt/Downloads/video/testone12.yuv 50.15 640 360 32 30 30 0.00407441 0.107617 0.0146152 0.122232
/home/smt/Downloads/video/testone12.yuv 28.061 640 360 37 30 30 0.00355935 0.0947075 0.0120731 0.106781
/home/smt/Downloads/video/testone12.yuv 14.945 640 360 42 30 30 0.0036882 0.10057 0.0100765 0.110646
/home/smt/Downloads/video/testone12.yuv 119.858 640 360 22 15 15 0.00641016 0.0803642 0.0157882 0.0961523
/home/smt/Downloads/video/testone12.yuv 70.135 640 360 27 15 15 0.00562048 0.0725183 0.0117889 0.0843072
/home/smt/Downloads/video/testone12.yuv 40.211 640 360 32 15 15 0.00473523 0.0608757 0.0101528 0.0710285
/home/smt/Downloads/video/testone12.yuv 22.992 640 360 37 15 15 0.00510644 0.0692783 0.00731837 0.0765966
/home/smt/Downloads/video/testone12.yuv 12.464 640 360 42 15 15 0.00443787 0.0607878 0.00578031 0.0665681
