/home/smt/Downloads/video/testone1.yuv 18207 1920 1080 22 120 120 0.0299884 2.70338 0.895225 3.5986
/home/smt/Downloads/video/testone1.yuv 10438.7 1920 1080 27 120 120 0.0253275 2.40958 0.629717 3.0393
/home/smt/Downloads/video/testone1.yuv 5680.68 1920 1080 32 120 120 0.0220893 2.20211 0.448613 2.65072
/home/smt/Downloads/video/testone1.yuv 2934.78 1920 1080 37 120 120 0.0193864 2.00611 0.320255 2.32636
/home/smt/Downloads/video/testone1.yuv 1195.37 1920 1080 42 120 120 0.0168936 1.80508 0.222146 2.02723
/home/smt/Downloads/video/testone1.yuv 11125.9 1920 1080 22 60 60 0.0323243 1.41681 0.522652 1.93946
/home/smt/Downloads/video/testone1.yuv 6420.94 1920 1080 27 60 60 0.0273802 1.27493 0.367884 1.64281
/home/smt/Downloads/video/testone1.yuv 3488.2 1920 1080 32 60 60 0.0241801 1.19481 0.255999 1.45081
/home/smt/Downloads/video/testone1.yuv 1817.48 1920 1080 37 60 60 0.0211605 1.08444 0.185191 1.26963
/home/smt/Downloads/video/testone1.yuv 777.549 1920 1080 42 60 60 0.0186843 0.993048 0.128012 1.12106
/home/smt/Downloads/video/testone1.yuv 6562.52 1920 1080 22 30 30 0.0358327 0.773944 0.301038 1.07498
/home/smt/Downloads/video/testone1.yuv 3812.06 1920 1080 27 30 30 0.0300694 0.693397 0.208685 0.902082
/home/smt/Downloads/video/testone1.yuv 2083.14 1920 1080 32 30 30 0.0276479 0.683239 0.1462 0.829438
/home/smt/Downloads/video/testone1.yuv 1107.07 1920 1080 37 30 30 0.0239757 0.616413 0.102857 0.71927
/home/smt/Downloads/video/testone1.yuv 493.227 1920 1080 42 30 30 0.020878 0.556072 0.0702692 0.626341
/home/smt/Downloads/video/testone1.yuv 3730.71 1920 1080 22 15 15 0.0402916 0.434962 0.169412 0.604374
/home/smt/Downloads/video/testone1.yuv 2196.64 1920 1080 27 15 15 0.0353427 0.411133 0.119007 0.53014
/home/smt/Downloads/video/testone1.yuv 1223.01 1920 1080 32 15 15 0.0297911 0.363564 0.083302 0.446866
/home/smt/Downloads/video/testone1.yuv 664.804 1920 1080 37 15 15 0.0276305 0.350578 0.0638797 0.414458
/home/smt/Downloads/video/testone1.yuv 305.045 1920 1080 42 15 15 0.0247674 0.331959 0.0395512 0.37151
/home/smt/Downloads/video/testone1.yuv 10739.4 1280 720 22 120 120 0.015733 1.39079 0.497169 1.88796
/home/smt/Downloads/video/testone1.yuv 5857.34 1280 720 27 120 120 0.0133402 1.26354 0.33728 1.60082
/home/smt/Downloads/video/testone1.yuv 2885.2 1280 720 32 120 120 0.0113371 1.14025 0.220201 1.36045
/home/smt/Downloads/video/testone1.yuv 1316.82 1280 720 37 120 120 0.00936754 0.975476 0.148629 1.1241
/home/smt/Downloads/video/testone1.yuv 534.687 1280 720 42 120 120 0.00793161 0.850089 0.101704 0.951793
/home/smt/Downloads/video/testone1.yuv 6207.45 1280 720 22 60 60 0.0166401 0.719159 0.279247 0.998406
/home/smt/Downloads/video/testone1.yuv 3454.15 1280 720 27 60 60 0.0140715 0.653289 0.190998 0.844287
/home/smt/Downloads/video/testone1.yuv 1754.86 1280 720 32 60 60 0.0125267 0.621034 0.130571 0.751605
/home/smt/Downloads/video/testone1.yuv 835.235 1280 720 37 60 60 0.0110458 0.577259 0.0854914 0.66275
/home/smt/Downloads/video/testone1.yuv 352.983 1280 720 42 60 60 0.00899964 0.482819 0.0571592 0.539978
/home/smt/Downloads/video/testone1.yuv 3523.78 1280 720 22 30 30 0.019192 0.419293 0.156468 0.575761
/home/smt/Downloads/video/testone1.yuv 1989.65 1280 720 27 30 30 0.0522614 1.35303 0.214809 1.56784
/home/smt/Downloads/video/testone1.yuv 1036.29 1280 720 32 30 30 0.0260295 0.637839 0.143047 0.780886
/home/smt/Downloads/video/testone1.yuv 514.218 1280 720 37 30 30 0.0242562 0.629649 0.0980377 0.727687
/home/smt/Downloads/video/testone1.yuv 225.44 1280 720 42 30 30 0.0209431 0.559287 0.069007 0.628294
/home/smt/Downloads/video/testone1.yuv 1982.81 1280 720 22 15 15 0.0389743 0.412188 0.172425 0.584614
/home/smt/Downloads/video/testone1.yuv 1139.92 1280 720 27 15 15 0.0240334 0.301421 0.0590803 0.360502
/home/smt/Downloads/video/testone1.yuv 611.009 1280 720 32 15 15 0.0145074 0.177689 0.0399212 0.217611
/home/smt/Downloads/video/testone1.yuv 314.515 1280 720 37 15 15 0.0125226 0.160442 0.0273971 0.187839
/home/smt/Downloads/video/testone1.yuv 142.17 1280 720 42 15 15 0.0122009 0.16363 0.0193833 0.183013
/home/smt/Downloads/video/testone1.yuv 7188.09 960 540 22 120 120 0.0199266 1.71123 0.67996 2.39119
/home/smt/Downloads/video/testone1.yuv 3897.13 960 540 27 120 120 0.0168732 1.5823 0.442485 2.02479
/home/smt/Downloads/video/testone1.yuv 1875.6 960 540 32 120 120 0.0141787 1.41406 0.287387 1.70145
/home/smt/Downloads/video/testone1.yuv 802.27 960 540 37 120 120 0.00712107 0.768063 0.0864649 0.854528
/home/smt/Downloads/video/testone1.yuv 311.87 960 540 42 120 120 0.00465127 0.494521 0.0636318 0.558152
/home/smt/Downloads/video/testone1.yuv 4105.45 960 540 22 60 60 0.0244907 1.09798 0.371463 1.46944
/home/smt/Downloads/video/testone1.yuv 2272.18 960 540 27 60 60 0.0178974 0.824591 0.249253 1.07384
/home/smt/Downloads/video/testone1.yuv 1127.97 960 540 32 60 60 0.0153565 0.758022 0.163368 0.92139
/home/smt/Downloads/video/testone1.yuv 506.331 960 540 37 60 60 0.0130845 0.679084 0.105988 0.785072
/home/smt/Downloads/video/testone1.yuv 203.236 960 540 42 60 60 0.0108751 0.577571 0.0749317 0.652503
/home/smt/Downloads/video/testone1.yuv 2272.01 960 540 22 30 30 0.0226878 0.479219 0.201417 0.680635
/home/smt/Downloads/video/testone1.yuv 1273.17 960 540 27 30 30 0.0188038 0.433005 0.13111 0.564115
/home/smt/Downloads/video/testone1.yuv 650.399 960 540 32 30 30 0.0164017 0.402871 0.0891808 0.492052
/home/smt/Downloads/video/testone1.yuv 311.108 960 540 37 30 30 0.0139347 0.356721 0.0613199 0.41804
/home/smt/Downloads/video/testone1.yuv 129.764 960 540 42 30 30 0.0122305 0.324247 0.0426664 0.366914
/home/smt/Downloads/video/testone1.yuv 1269.48 960 540 22 15 15 0.0256549 0.277358 0.107466 0.384824
/home/smt/Downloads/video/testone1.yuv 726.123 960 540 27 15 15 0.0207537 0.235762 0.0755436 0.311306
/home/smt/Downloads/video/testone1.yuv 383.981 960 540 32 15 15 0.0188518 0.228884 0.0538932 0.282778
/home/smt/Downloads/video/testone1.yuv 190.259 960 540 37 15 15 0.015723 0.201 0.0348458 0.235846
/home/smt/Downloads/video/testone1.yuv 82.364 960 540 42 15 15 0.0141195 0.185891 0.0259025 0.211793
/home/smt/Downloads/video/testone1.yuv 4088.61 640 360 22 120 120 0.00938543 0.778876 0.347376 1.12625
/home/smt/Downloads/video/testone1.yuv 2161.11 640 360 27 120 120 0.00787154 0.717761 0.226824 0.944585
/home/smt/Downloads/video/testone1.yuv 978.785 640 360 32 120 120 0.0064191 0.627498 0.142794 0.770292
/home/smt/Downloads/video/testone1.yuv 392.477 640 360 37 120 120 0.00543917 0.56098 0.0917209 0.652701
/home/smt/Downloads/video/testone1.yuv 148.198 640 360 42 120 120 0.00465762 0.496258 0.0626563 0.558914
/home/smt/Downloads/video/testone1.yuv 2148.04 640 360 22 60 60 0.0100099 0.419339 0.181253 0.600592
/home/smt/Downloads/video/testone1.yuv 1160.12 640 360 27 60 60 0.00778053 0.345471 0.12136 0.466832
/home/smt/Downloads/video/testone1.yuv 555.676 640 360 32 60 60 0.00701131 0.338832 0.0818462 0.420679
/home/smt/Downloads/video/testone1.yuv 240.29 640 360 37 60 60 0.00576259 0.294571 0.0511843 0.345755
/home/smt/Downloads/video/testone1.yuv 94.81 640 360 42 60 60 0.00488346 0.255954 0.0370533 0.293007
/home/smt/Downloads/video/testone1.yuv 1201.51 640 360 22 30 30 0.0100533 0.202462 0.0991375 0.3016
/home/smt/Downloads/video/testone1.yuv 663.735 640 360 27 30 30 0.00895442 0.200792 0.0678401 0.268632
/home/smt/Downloads/video/testone1.yuv 329.118 640 360 32 30 30 0.00851051 0.208497 0.0468187 0.255315
/home/smt/Downloads/video/testone1.yuv 148.827 640 360 37 30 30 0.00714699 0.181305 0.033105 0.21441
/home/smt/Downloads/video/testone1.yuv 60.204 640 360 42 30 30 0.00584395 0.157706 0.0176124 0.175318
/home/smt/Downloads/video/testone1.yuv 660.833 640 360 22 15 15 0.0107805 0.107879 0.0538286 0.161708
/home/smt/Downloads/video/testone1.yuv 374.706 640 360 27 15 15 0.0101341 0.111294 0.0407177 0.152012
/home/smt/Downloads/video/testone1.yuv 192.446 640 360 32 15 15 0.00807982 0.0936777 0.0275196 0.121197
/home/smt/Downloads/video/testone1.yuv 90.793 640 360 37 15 15 0.00677071 0.08238 0.0191807 0.101561
/home/smt/Downloads/video/testone1.yuv 38.469 640 360 42 15 15 0.00795701 0.106304 0.0130513 0.119355
/home/smt/Downloads/video/testone2.yuv 4681.52 1920 1080 22 120 120 0.0242296 2.50656 0.400986 2.90755
/home/smt/Downloads/video/testone2.yuv 2352.93 1920 1080 27 120 120 0.0200833 2.1216 0.2884 2.41
/home/smt/Downloads/video/testone2.yuv 1183.45 1920 1080 32 120 120 0.0164251 1.7533 0.217716 1.97101
/home/smt/Downloads/video/testone2.yuv 646.015 1920 1080 37 120 120 0.0152758 1.65422 0.17887 1.83309
/home/smt/Downloads/video/testone2.yuv 363.417 1920 1080 42 120 120 0.0146516 1.60684 0.151348 1.75819
/home/smt/Downloads/video/testone2.yuv 2943.7 1920 1080 22 60 60 0.0314195 1.65522 0.229945 1.88517
/home/smt/Downloads/video/testone2.yuv 1524.93 1920 1080 27 60 60 0.0220317 1.1574 0.164506 1.3219
/home/smt/Downloads/video/testone2.yuv 799.851 1920 1080 32 60 60 0.0189217 1.01428 0.121023 1.1353
/home/smt/Downloads/video/testone2.yuv 450.776 1920 1080 37 60 60 0.0424419 2.34095 0.205569 2.54652
/home/smt/Downloads/video/testone2.yuv 259.099 1920 1080 42 60 60 0.0330729 1.8069 0.177477 1.98438
/home/smt/Downloads/video/testone2.yuv 1884.34 1920 1080 22 30 30 0.0600874 1.51702 0.2856 1.80262
/home/smt/Downloads/video/testone2.yuv 1025.16 1920 1080 27 30 30 0.0730437 2.0918 0.0995089 2.19131
/home/smt/Downloads/video/testone2.yuv 562.487 1920 1080 32 30 30 0.0207358 0.55174 0.0703339 0.622074
/home/smt/Downloads/video/testone2.yuv 325.219 1920 1080 37 30 30 0.0204925 0.55583 0.0589456 0.614776
/home/smt/Downloads/video/testone2.yuv 184.957 1920 1080 42 30 30 0.0181228 0.494878 0.0488069 0.543685
/home/smt/Downloads/video/testone2.yuv 1224.3 1920 1080 22 15 15 0.0329284 0.413354 0.0805722 0.493926
/home/smt/Downloads/video/testone2.yuv 709.992 1920 1080 27 15 15 0.0310228 0.406365 0.0589774 0.465342
/home/smt/Downloads/video/testone2.yuv 409.794 1920 1080 32 15 15 0.0267786 0.358921 0.0427575 0.401678
/home/smt/Downloads/video/testone2.yuv 243.836 1920 1080 37 15 15 0.0253129 0.343603 0.0360913 0.379694
/home/smt/Downloads/video/testone2.yuv 138.58 1920 1080 42 15 15 0.030655 0.431821 0.028005 0.459826
/home/smt/Downloads/video/testone2.yuv 2832.22 1280 720 22 120 120 0.0104236 1.04225 0.208582 1.25084
/home/smt/Downloads/video/testone2.yuv 1449.03 1280 720 27 120 120 0.00918878 0.951807 0.150846 1.10265
/home/smt/Downloads/video/testone2.yuv 714.084 1280 720 32 120 120 0.00796477 0.84695 0.108823 0.955773
/home/smt/Downloads/video/testone2.yuv 367.562 1280 720 37 120 120 0.00696345 0.751529 0.0840857 0.835615
/home/smt/Downloads/video/testone2.yuv 189.144 1280 720 42 120 120 0.00636824 0.693492 0.0706964 0.764189
/home/smt/Downloads/video/testone2.yuv 1731.82 1280 720 22 60 60 0.0130273 0.66097 0.120669 0.78164
/home/smt/Downloads/video/testone2.yuv 923.507 1280 720 27 60 60 0.0104504 0.538799 0.0882219 0.627021
/home/smt/Downloads/video/testone2.yuv 479.861 1280 720 32 60 60 0.00995753 0.535457 0.0619951 0.597452
/home/smt/Downloads/video/testone2.yuv 257.171 1280 720 37 60 60 0.00824686 0.446258 0.0485539 0.494811
/home/smt/Downloads/video/testone2.yuv 136.607 1280 720 42 60 60 0.00795318 0.437187 0.040004 0.477191
/home/smt/Downloads/video/testone2.yuv 1076.89 1280 720 22 30 30 0.0134544 0.334923 0.068708 0.403631
/home/smt/Downloads/video/testone2.yuv 598.66 1280 720 27 30 30 0.0120071 0.310065 0.0501494 0.360214
/home/smt/Downloads/video/testone2.yuv 328.286 1280 720 32 30 30 0.0115266 0.308302 0.0374961 0.345798
/home/smt/Downloads/video/testone2.yuv 183.022 1280 720 37 30 30 0.00988049 0.26776 0.0286543 0.296415
/home/smt/Downloads/video/testone2.yuv 97.41 1280 720 42 30 30 0.00838653 0.229401 0.0221948 0.251596
/home/smt/Downloads/video/testone2.yuv 694.811 1280 720 22 15 15 0.0155692 0.192756 0.0407818 0.233538
/home/smt/Downloads/video/testone2.yuv 408.245 1280 720 27 15 15 0.0155724 0.203992 0.0295944 0.233586
/home/smt/Downloads/video/testone2.yuv 233.723 1280 720 32 15 15 0.012363 0.162111 0.0233335 0.185445
/home/smt/Downloads/video/testone2.yuv 135.57 1280 720 37 15 15 0.0126654 0.172487 0.0174946 0.189981
/home/smt/Downloads/video/testone2.yuv 72.666 1280 720 42 15 15 0.0106278 0.144871 0.014546 0.159417
/home/smt/Downloads/video/testone2.yuv 1973.11 960 540 22 120 120 0.00652014 0.647866 0.13455 0.782416
/home/smt/Downloads/video/testone2.yuv 1019.9 960 540 27 120 120 0.0051579 0.524768 0.0941792 0.618948
/home/smt/Downloads/video/testone2.yuv 498.588 960 540 32 120 120 0.00450838 0.472401 0.0686043 0.541005
/home/smt/Downloads/video/testone2.yuv 245.892 960 540 37 120 120 0.00412899 0.442561 0.0529182 0.495479
/home/smt/Downloads/video/testone2.yuv 119.566 960 540 42 120 120 0.00410147 0.444288 0.0478887 0.492177
/home/smt/Downloads/video/testone2.yuv 1199.48 960 540 22 60 60 0.00699603 0.341469 0.0782924 0.419762
/home/smt/Downloads/video/testone2.yuv 647.542 960 540 27 60 60 0.00595445 0.301904 0.0553632 0.357267
/home/smt/Downloads/video/testone2.yuv 333.467 960 540 32 60 60 0.00548886 0.28708 0.0422515 0.329331
/home/smt/Downloads/video/testone2.yuv 173.78 960 540 37 60 60 0.00500701 0.266903 0.0335181 0.300421
/home/smt/Downloads/video/testone2.yuv 86.611 960 540 42 60 60 0.00448261 0.240796 0.0281613 0.268957
/home/smt/Downloads/video/testone2.yuv 736.183 960 540 22 30 30 0.00820261 0.201567 0.0445113 0.246078
/home/smt/Downloads/video/testone2.yuv 413.163 960 540 27 30 30 0.00721123 0.182674 0.0336634 0.216337
/home/smt/Downloads/video/testone2.yuv 223.565 960 540 32 30 30 0.00632242 0.165199 0.0244738 0.189673
/home/smt/Downloads/video/testone2.yuv 121.81 960 540 37 30 30 0.00608867 0.164735 0.0179249 0.18266
/home/smt/Downloads/video/testone2.yuv 62.036 960 540 42 30 30 0.00496018 0.133345 0.0154606 0.148805
/home/smt/Downloads/video/testone2.yuv 474.234 960 540 22 15 15 0.00979008 0.122013 0.0248381 0.146851
/home/smt/Downloads/video/testone2.yuv 278.48 960 540 27 15 15 0.00903167 0.115963 0.0195117 0.135475
/home/smt/Downloads/video/testone2.yuv 159.996 960 540 32 15 15 0.00754762 0.0998704 0.0133439 0.113214
/home/smt/Downloads/video/testone2.yuv 90.234 960 540 37 15 15 0.00639861 0.0851047 0.0108744 0.0959791
/home/smt/Downloads/video/testone2.yuv 45.896 960 540 42 15 15 0.00750967 0.104841 0.00780445 0.112645
/home/smt/Downloads/video/testone2.yuv 1158.27 640 360 22 120 120 0.0030874 0.2956 0.0748873 0.370488
/home/smt/Downloads/video/testone2.yuv 606.272 640 360 27 120 120 0.00261952 0.262907 0.0514354 0.314342
/home/smt/Downloads/video/testone2.yuv 291.799 640 360 32 120 120 0.00244642 0.256373 0.0371976 0.29357
/home/smt/Downloads/video/testone2.yuv 137.865 640 360 37 120 120 0.00201077 0.212577 0.028715 0.241292
/home/smt/Downloads/video/testone2.yuv 62.474 640 360 42 120 120 0.00172412 0.184726 0.0221692 0.206895
/home/smt/Downloads/video/testone2.yuv 709.84 640 360 22 60 60 0.0036126 0.171264 0.0454924 0.216756
/home/smt/Downloads/video/testone2.yuv 387.253 640 360 27 60 60 0.00322408 0.160358 0.0330868 0.193445
/home/smt/Downloads/video/testone2.yuv 195.391 640 360 32 60 60 0.00266284 0.137209 0.0225611 0.15977
/home/smt/Downloads/video/testone2.yuv 96.759 640 360 37 60 60 0.00246184 0.130987 0.0167232 0.14771
/home/smt/Downloads/video/testone2.yuv 45.54 640 360 42 60 60 0.00219798 0.118091 0.0137879 0.131879
/home/smt/Downloads/video/testone2.yuv 427.983 640 360 22 30 30 0.00383788 0.0898176 0.0253188 0.115136
/home/smt/Downloads/video/testone2.yuv 242.697 640 360 27 30 30 0.00370696 0.0935009 0.0177078 0.111209
/home/smt/Downloads/video/testone2.yuv 129.276 640 360 32 30 30 0.00327626 0.0866245 0.0116632 0.0982877
/home/smt/Downloads/video/testone2.yuv 67.83 640 360 37 30 30 0.0025769 0.0688972 0.00840984 0.077307
/home/smt/Downloads/video/testone2.yuv 32.702 640 360 42 30 30 0.00228363 0.0623495 0.0061593 0.0685088
/home/smt/Downloads/video/testone2.yuv 270.38 640 360 22 15 15 0.00522397 0.0650469 0.0133127 0.0783596
/home/smt/Downloads/video/testone2.yuv 160.61 640 360 27 15 15 0.00467229 0.0604342 0.00965013 0.0700843
/home/smt/Downloads/video/testone2.yuv 90.395 640 360 32 15 15 0.00338988 0.0439103 0.00693793 0.0508482
/home/smt/Downloads/video/testone2.yuv 49.473 640 360 37 15 15 0.00297017 0.0395173 0.00503518 0.0445525
/home/smt/Downloads/video/testone2.yuv 24.799 640 360 42 15 15 0.00332759 0.0462635 0.00365029 0.0499138
/home/smt/Downloads/video/testone3.yuv 11361.8 1920 1080 22 120 120 0.0271208 2.62081 0.633682 3.2545
/home/smt/Downloads/video/testone3.yuv 6313.63 1920 1080 27 120 120 0.0216966 2.14655 0.457041 2.60359
/home/smt/Downloads/video/testone3.yuv 3282.38 1920 1080 32 120 120 0.0188554 1.93905 0.323606 2.26265
/home/smt/Downloads/video/testone3.yuv 1696.24 1920 1080 37 120 120 0.0167113 1.75916 0.246196 2.00536
/home/smt/Downloads/video/testone3.yuv 824.624 1920 1080 42 120 120 0.0154949 1.67043 0.188958 1.85939
/home/smt/Downloads/video/testone3.yuv 7465.1 1920 1080 22 60 60 0.0284133 1.31631 0.388492 1.7048
/home/smt/Downloads/video/testone3.yuv 4183.44 1920 1080 27 60 60 0.0250264 1.22758 0.274003 1.50158
/home/smt/Downloads/video/testone3.yuv 2214.19 1920 1080 32 60 60 0.0217777 1.10979 0.196867 1.30666
/home/smt/Downloads/video/testone3.yuv 1170.98 1920 1080 37 60 60 0.0199765 1.05734 0.141252 1.19859
/home/smt/Downloads/video/testone3.yuv 581.89 1920 1080 42 60 60 0.0185171 1.00417 0.106857 1.11103
/home/smt/Downloads/video/testone3.yuv 4720.79 1920 1080 22 30 30 0.0470487 0.745322 0.666138 1.41146
/home/smt/Downloads/video/testone3.yuv 2640.18 1920 1080 27 30 30 0.0584671 1.58864 0.165372 1.75401
/home/smt/Downloads/video/testone3.yuv 1400.3 1920 1080 32 30 30 0.0245897 0.623073 0.114619 0.737692
/home/smt/Downloads/video/testone3.yuv 751.195 1920 1080 37 30 30 0.0232881 0.614701 0.083942 0.698643
/home/smt/Downloads/video/testone3.yuv 379.49 1920 1080 42 30 30 0.0421522 1.20387 0.0606928 1.26457
/home/smt/Downloads/video/testone3.yuv 3093.59 1920 1080 22 15 15 0.0756456 0.989262 0.145422 1.13468
/home/smt/Downloads/video/testone3.yuv 1742.12 1920 1080 27 15 15 0.0329454 0.39251 0.101671 0.494181
/home/smt/Downloads/video/testone3.yuv 939.899 1920 1080 32 15 15 0.0298059 0.377221 0.0698679 0.447089
/home/smt/Downloads/video/testone3.yuv 509.739 1920 1080 37 15 15 0.0279985 0.368806 0.0511721 0.419978
/home/smt/Downloads/video/testone3.yuv 260.898 1920 1080 42 15 15 0.0600377 0.864591 0.0359749 0.900566
/home/smt/Downloads/video/testone3.yuv 5840.31 1280 720 22 120 120 0.0117938 1.10563 0.309619 1.41525
/home/smt/Downloads/video/testone3.yuv 3183.35 1280 720 27 120 120 0.00995318 0.980446 0.213936 1.19438
/home/smt/Downloads/video/testone3.yuv 1681.91 1280 720 32 120 120 0.00861723 0.879417 0.154651 1.03407
/home/smt/Downloads/video/testone3.yuv 877.594 1280 720 37 120 120 0.00775133 0.814887 0.115273 0.93016
/home/smt/Downloads/video/testone3.yuv 416.084 1280 720 42 120 120 0.00718721 0.765171 0.0972939 0.862465
/home/smt/Downloads/video/testone3.yuv 3803.03 1280 720 22 60 60 0.0138569 0.644111 0.1873 0.831411
/home/smt/Downloads/video/testone3.yuv 2106.67 1280 720 27 60 60 0.0112729 0.546195 0.130177 0.676373
/home/smt/Downloads/video/testone3.yuv 1135.05 1280 720 32 60 60 0.00983218 0.497386 0.0925443 0.589931
/home/smt/Downloads/video/testone3.yuv 608.456 1280 720 37 60 60 0.0213974 1.13532 0.148517 1.28384
/home/smt/Downloads/video/testone3.yuv 294.547 1280 720 42 60 60 0.0181094 0.979188 0.107376 1.08656
/home/smt/Downloads/video/testone3.yuv 2375.27 1280 720 22 30 30 0.0342209 0.772396 0.254232 1.02663
/home/smt/Downloads/video/testone3.yuv 1324.67 1280 720 27 30 30 0.0296072 0.718553 0.169662 0.888215
/home/smt/Downloads/video/testone3.yuv 720.999 1280 720 32 30 30 0.0211208 0.572439 0.0611841 0.633623
/home/smt/Downloads/video/testone3.yuv 392.621 1280 720 37 30 30 0.0103092 0.269003 0.0402745 0.309277
/home/smt/Downloads/video/testone3.yuv 194.172 1280 720 42 30 30 0.00947251 0.255356 0.0288188 0.284175
/home/smt/Downloads/video/testone3.yuv 1546.75 1280 720 22 15 15 0.019764 0.225412 0.0710474 0.29646
/home/smt/Downloads/video/testone3.yuv 871.002 1280 720 27 15 15 0.0170311 0.204482 0.0509835 0.255466
/home/smt/Downloads/video/testone3.yuv 480.166 1280 720 32 15 15 0.0135897 0.169205 0.0346399 0.203845
/home/smt/Downloads/video/testone3.yuv 263.394 1280 720 37 15 15 0.0124517 0.161485 0.0252903 0.186775
/home/smt/Downloads/video/testone3.yuv 131.752 1280 720 42 15 15 0.0111202 0.151141 0.0156619 0.166803
/home/smt/Downloads/video/testone3.yuv 3630.55 960 540 22 120 120 0.0069335 0.641814 0.190206 0.83202
/home/smt/Downloads/video/testone3.yuv 2002.55 960 540 27 120 120 0.00593127 0.58017 0.131582 0.711753
/home/smt/Downloads/video/testone3.yuv 1057.01 960 540 32 120 120 0.00525158 0.533667 0.0965232 0.63019
/home/smt/Downloads/video/testone3.yuv 544.61 960 540 37 120 120 0.00449679 0.467371 0.0722446 0.539615
/home/smt/Downloads/video/testone3.yuv 252.751 960 540 42 120 120 0.00430401 0.463106 0.0533758 0.516482
/home/smt/Downloads/video/testone3.yuv 2362.68 960 540 22 60 60 0.00809075 0.367891 0.117554 0.485445
/home/smt/Downloads/video/testone3.yuv 1324.26 960 540 27 60 60 0.00651538 0.308995 0.0819281 0.390923
/home/smt/Downloads/video/testone3.yuv 714.777 960 540 32 60 60 0.00574802 0.286049 0.0588321 0.344881
/home/smt/Downloads/video/testone3.yuv 378.452 960 540 37 60 60 0.00570023 0.300805 0.0412085 0.342014
/home/smt/Downloads/video/testone3.yuv 179.298 960 540 42 60 60 0.00467274 0.248004 0.0323607 0.280364
/home/smt/Downloads/video/testone3.yuv 1480.06 960 540 22 30 30 0.00874748 0.194499 0.0679251 0.262424
/home/smt/Downloads/video/testone3.yuv 835.195 960 540 27 30 30 0.00777867 0.184392 0.0489684 0.23336
/home/smt/Downloads/video/testone3.yuv 457.676 960 540 32 30 30 0.00767476 0.196848 0.0333951 0.230243
/home/smt/Downloads/video/testone3.yuv 245.932 960 540 37 30 30 0.00656262 0.173141 0.0237381 0.196879
/home/smt/Downloads/video/testone3.yuv 119.254 960 540 42 30 30 0.00534721 0.144116 0.0163001 0.160416
/home/smt/Downloads/video/testone3.yuv 973.345 960 540 22 15 15 0.0105129 0.115011 0.0426829 0.157694
/home/smt/Downloads/video/testone3.yuv 552.847 960 540 27 15 15 0.0109075 0.133511 0.0301012 0.163612
/home/smt/Downloads/video/testone3.yuv 306.083 960 540 32 15 15 0.00867491 0.109193 0.0209306 0.130124
/home/smt/Downloads/video/testone3.yuv 166.861 960 540 37 15 15 0.00763724 0.100859 0.0136993 0.114559
/home/smt/Downloads/video/testone3.yuv 82.108 960 540 42 15 15 0.0068936 0.0938324 0.00957152 0.103404
/home/smt/Downloads/video/testone3.yuv 1857.11 640 360 22 120 120 0.00325706 0.298029 0.0928182 0.390847
/home/smt/Downloads/video/testone3.yuv 1035.57 640 360 27 120 120 0.00304101 0.298541 0.0663805 0.364922
/home/smt/Downloads/video/testone3.yuv 548.615 640 360 32 120 120 0.00242326 0.243554 0.0472379 0.290792
/home/smt/Downloads/video/testone3.yuv 279.723 640 360 37 120 120 0.00661747 0.686266 0.10783 0.794096
/home/smt/Downloads/video/testone3.yuv 128.211 640 360 42 120 120 0.00430214 0.461416 0.054841 0.516257
/home/smt/Downloads/video/testone3.yuv 1208.28 640 360 22 60 60 0.0079825 0.356839 0.122111 0.47895
/home/smt/Downloads/video/testone3.yuv 686.003 640 360 27 60 60 0.00689578 0.32837 0.0853764 0.413747
/home/smt/Downloads/video/testone3.yuv 373.281 640 360 32 60 60 0.00607244 0.303016 0.0613298 0.364346
/home/smt/Downloads/video/testone3.yuv 195.388 640 360 37 60 60 0.00565037 0.29408 0.0449419 0.339022
/home/smt/Downloads/video/testone3.yuv 90.973 640 360 42 60 60 0.00458845 0.243357 0.0319504 0.275307
/home/smt/Downloads/video/testone3.yuv 753.577 640 360 22 30 30 0.00824009 0.175837 0.0713656 0.247203
/home/smt/Downloads/video/testone3.yuv 432.808 640 360 27 30 30 0.00711536 0.163379 0.0500817 0.213461
/home/smt/Downloads/video/testone3.yuv 237.538 640 360 32 30 30 0.00633674 0.154496 0.0356062 0.190102
/home/smt/Downloads/video/testone3.yuv 127.068 640 360 37 30 30 0.00645747 0.167109 0.0266148 0.193724
/home/smt/Downloads/video/testone3.yuv 60.426 640 360 42 30 30 0.00613637 0.167136 0.016955 0.184091
/home/smt/Downloads/video/testone3.yuv 495.3 640 360 22 15 15 0.0102694 0.105525 0.0485159 0.154041
/home/smt/Downloads/video/testone3.yuv 286.524 640 360 27 15 15 0.00944208 0.109873 0.0317578 0.141631
/home/smt/Downloads/video/testone3.yuv 159.514 640 360 32 15 15 0.00851992 0.104936 0.0228627 0.127799
/home/smt/Downloads/video/testone3.yuv 86.579 640 360 37 15 15 0.0083306 0.110486 0.0144728 0.124959
/home/smt/Downloads/video/testone3.yuv 42.116 640 360 42 15 15 0.00766947 0.105097 0.0099446 0.115042
/home/smt/Downloads/video/testone4.yuv 18270.4 1920 1080 22 120 120 0.0734819 6.99957 1.81825 8.81782
/home/smt/Downloads/video/testone4.yuv 9369.86 1920 1080 27 120 120 0.0635503 6.42655 1.19949 7.62604
/home/smt/Downloads/video/testone4.yuv 4383.53 1920 1080 32 120 120 0.0555126 5.89917 0.762341 6.66151
/home/smt/Downloads/video/testone4.yuv 2031.56 1920 1080 37 120 120 0.0466296 5.04593 0.549618 5.59555
/home/smt/Downloads/video/testone4.yuv 842.346 1920 1080 42 120 120 0.0376318 4.11742 0.398397 4.51582
/home/smt/Downloads/video/testone4.yuv 10532.6 1920 1080 22 60 60 0.0864088 4.18589 0.998641 5.18453
/home/smt/Downloads/video/testone4.yuv 5582.63 1920 1080 27 60 60 0.0696561 3.50353 0.675842 4.17937
/home/smt/Downloads/video/testone4.yuv 2695.62 1920 1080 32 60 60 0.0592817 3.13043 0.426474 3.5569
/home/smt/Downloads/video/testone4.yuv 1288.92 1920 1080 37 60 60 0.0976087 5.55593 0.300589 5.85652
/home/smt/Downloads/video/testone4.yuv 562.188 1920 1080 42 60 60 0.0419581 2.30782 0.209664 2.51749
/home/smt/Downloads/video/testone4.yuv 5859.22 1920 1080 22 30 30 0.134806 3.49085 0.553328 4.04417
/home/smt/Downloads/video/testone4.yuv 3211.67 1920 1080 27 30 30 0.0721688 1.79292 0.372144 2.16506
/home/smt/Downloads/video/testone4.yuv 1619.69 1920 1080 32 30 30 0.0924137 2.53614 0.236275 2.77241
/home/smt/Downloads/video/testone4.yuv 808.978 1920 1080 37 30 30 0.0743855 2.0561 0.175466 2.23157
/home/smt/Downloads/video/testone4.yuv 361.555 1920 1080 42 30 30 0.0461621 1.26808 0.116787 1.38486
/home/smt/Downloads/video/testone4.yuv 3139.45 1920 1080 22 15 15 0.0877861 1.03364 0.283153 1.31679
/home/smt/Downloads/video/testone4.yuv 1781.53 1920 1080 27 15 15 0.0755729 0.93166 0.201934 1.13359
/home/smt/Downloads/video/testone4.yuv 936.111 1920 1080 32 15 15 0.0691164 0.900662 0.136085 1.03675
/home/smt/Downloads/video/testone4.yuv 489.329 1920 1080 37 15 15 0.111468 1.57693 0.0950995 1.67203
/home/smt/Downloads/video/testone4.yuv 229.419 1920 1080 42 15 15 0.0521324 0.71548 0.0665063 0.781986
/home/smt/Downloads/video/testone4.yuv 8709.28 1280 720 22 120 120 0.0316477 2.96076 0.836963 3.79772
/home/smt/Downloads/video/testone4.yuv 4326.5 1280 720 27 120 120 0.0267532 2.64849 0.561896 3.21038
/home/smt/Downloads/video/testone4.yuv 1953.59 1280 720 32 120 120 0.0232052 2.43269 0.351941 2.78463
/home/smt/Downloads/video/testone4.yuv 881.145 1280 720 37 120 120 0.0196772 2.12134 0.239929 2.36127
/home/smt/Downloads/video/testone4.yuv 365.676 1280 720 42 120 120 0.0160384 1.75447 0.170137 1.9246
/home/smt/Downloads/video/testone4.yuv 5048.03 1280 720 22 60 60 0.0339321 1.56872 0.467209 2.03593
/home/smt/Downloads/video/testone4.yuv 2605.73 1280 720 27 60 60 0.0287973 1.41369 0.314151 1.72784
/home/smt/Downloads/video/testone4.yuv 1225.71 1280 720 32 60 60 0.0256725 1.33435 0.205994 1.54035
/home/smt/Downloads/video/testone4.yuv 579.961 1280 720 37 60 60 0.0215192 1.15317 0.137979 1.29115
/home/smt/Downloads/video/testone4.yuv 249.826 1280 720 42 60 60 0.0184172 1.00818 0.096856 1.10503
/home/smt/Downloads/video/testone4.yuv 2818.71 1280 720 22 30 30 0.026914 0.678007 0.129412 0.807419
/home/smt/Downloads/video/testone4.yuv 1515.7 1280 720 27 30 30 0.0163022 0.401518 0.0875484 0.489067
/home/smt/Downloads/video/testone4.yuv 751.855 1280 720 32 30 30 0.0144647 0.377774 0.0561688 0.433942
/home/smt/Downloads/video/testone4.yuv 372.456 1280 720 37 30 30 0.0118645 0.317367 0.0385691 0.355936
/home/smt/Downloads/video/testone4.yuv 166.869 1280 720 42 30 30 0.0108984 0.297109 0.0298429 0.326951
/home/smt/Downloads/video/testone4.yuv 1552.32 1280 720 22 15 15 0.0219226 0.259403 0.0694366 0.32884
/home/smt/Downloads/video/testone4.yuv 867.26 1280 720 27 15 15 0.0175569 0.215452 0.0479019 0.263354
/home/smt/Downloads/video/testone4.yuv 449.367 1280 720 32 15 15 0.0163977 0.214223 0.0317421 0.245965
/home/smt/Downloads/video/testone4.yuv 234.67 1280 720 37 15 15 0.014171 0.188824 0.0237412 0.212566
/home/smt/Downloads/video/testone4.yuv 109.612 1280 720 42 15 15 0.0117593 0.162237 0.0141534 0.17639
/home/smt/Downloads/video/testone4.yuv 5335.08 960 540 22 120 120 0.00936868 0.866387 0.257854 1.12424
/home/smt/Downloads/video/testone4.yuv 2619.39 960 540 27 120 120 0.0075966 0.740334 0.171258 0.911592
/home/smt/Downloads/video/testone4.yuv 1171.14 960 540 32 120 120 0.00648121 0.673621 0.104123 0.777745
/home/smt/Downloads/video/testone4.yuv 527.581 960 540 37 120 120 0.00555806 0.596859 0.0701084 0.666967
/home/smt/Downloads/video/testone4.yuv 219.267 960 540 42 120 120 0.00469882 0.515587 0.0482715 0.563858
/home/smt/Downloads/video/testone4.yuv 3096.19 960 540 22 60 60 0.0106881 0.497463 0.143823 0.641286
/home/smt/Downloads/video/testone4.yuv 1583.82 960 540 27 60 60 0.00894689 0.442509 0.094304 0.536813
/home/smt/Downloads/video/testone4.yuv 741.042 960 540 32 60 60 0.00747087 0.386 0.0622517 0.448252
/home/smt/Downloads/video/testone4.yuv 349.779 960 540 37 60 60 0.0063357 0.339745 0.0403974 0.380142
/home/smt/Downloads/video/testone4.yuv 151.473 960 540 42 60 60 0.00520374 0.28339 0.0288341 0.312224
/home/smt/Downloads/video/testone4.yuv 1756.29 960 540 22 30 30 0.0116276 0.267393 0.0814345 0.348827
/home/smt/Downloads/video/testone4.yuv 938.13 960 540 27 30 30 0.00937542 0.227232 0.0540306 0.281262
/home/smt/Downloads/video/testone4.yuv 463.819 960 540 32 30 30 0.00821334 0.211791 0.0346086 0.2464
/home/smt/Downloads/video/testone4.yuv 230.56 960 540 37 30 30 0.00721888 0.192715 0.0238514 0.216566
/home/smt/Downloads/video/testone4.yuv 103.604 960 540 42 30 30 0.00608078 0.167213 0.0152103 0.182423
/home/smt/Downloads/video/testone4.yuv 972.82 960 540 22 15 15 0.0132713 0.15617 0.0428996 0.199069
/home/smt/Downloads/video/testone4.yuv 539.5 960 540 27 15 15 0.0114189 0.140206 0.0310767 0.171283
/home/smt/Downloads/video/testone4.yuv 279.755 960 540 32 15 15 0.00973449 0.125819 0.0201985 0.146017
/home/smt/Downloads/video/testone4.yuv 145.506 960 540 37 15 15 0.00844139 0.113668 0.012953 0.126621
/home/smt/Downloads/video/testone4.yuv 67.651 960 540 42 15 15 0.00780251 0.108279 0.00875832 0.117038
/home/smt/Downloads/video/testone4.yuv 2661.91 640 360 22 120 120 0.00424797 0.381034 0.128722 0.509756
/home/smt/Downloads/video/testone4.yuv 1295.01 640 360 27 120 120 0.00354872 0.345263 0.0805834 0.425846
/home/smt/Downloads/video/testone4.yuv 582.97 640 360 32 120 120 0.00315542 0.327341 0.0513088 0.37865
/home/smt/Downloads/video/testone4.yuv 263.675 640 360 37 120 120 0.00258636 0.275458 0.0349048 0.310363
/home/smt/Downloads/video/testone4.yuv 111.906 640 360 42 120 120 0.00200176 0.216031 0.02418 0.240211
/home/smt/Downloads/video/testone4.yuv 1549.04 640 360 22 60 60 0.0164227 0.834346 0.151019 0.985365
/home/smt/Downloads/video/testone4.yuv 789.165 640 360 27 60 60 0.00871632 0.417351 0.105628 0.522979
/home/smt/Downloads/video/testone4.yuv 372.896 640 360 32 60 60 0.00775715 0.399629 0.0657996 0.465429
/home/smt/Downloads/video/testone4.yuv 176.786 640 360 37 60 60 0.00552555 0.311164 0.020369 0.331533
/home/smt/Downloads/video/testone4.yuv 76.763 640 360 42 60 60 0.00237299 0.129015 0.0133646 0.14238
/home/smt/Downloads/video/testone4.yuv 882.77 640 360 22 30 30 0.00469085 0.100853 0.0398727 0.140726
/home/smt/Downloads/video/testone4.yuv 471.382 640 360 27 30 30 0.00445405 0.107207 0.0264148 0.133622
/home/smt/Downloads/video/testone4.yuv 234.607 640 360 32 30 30 0.00376552 0.096349 0.0166165 0.112965
/home/smt/Downloads/video/testone4.yuv 116.39 640 360 37 30 30 0.00321358 0.0851314 0.0112758 0.0964073
/home/smt/Downloads/video/testone4.yuv 53.266 640 360 42 30 30 0.00269519 0.0730553 0.0078005 0.0808558
/home/smt/Downloads/video/testone4.yuv 497.569 640 360 22 15 15 0.00569127 0.0628421 0.022527 0.0853691
/home/smt/Downloads/video/testone4.yuv 278.107 640 360 27 15 15 0.00552836 0.0662638 0.0166616 0.0829254
/home/smt/Downloads/video/testone4.yuv 145.668 640 360 32 15 15 0.00392749 0.0493801 0.00953234 0.0589124
/home/smt/Downloads/video/testone4.yuv 75.973 640 360 37 15 15 0.00354831 0.0466658 0.00655887 0.0532247
/home/smt/Downloads/video/testone4.yuv 35.647 640 360 42 15 15 0.00325012 0.0443126 0.00443913 0.0487518
/home/smt/Downloads/video/testone5.yuv 33783.5 1920 1080 22 120 120 0.0420248 3.64683 1.39614 5.04298
/home/smt/Downloads/video/testone5.yuv 18427.6 1920 1080 27 120 120 0.0313694 2.836 0.928334 3.76433
/home/smt/Downloads/video/testone5.yuv 8848.13 1920 1080 32 120 120 0.0262248 2.55286 0.594121 3.14698
/home/smt/Downloads/video/testone5.yuv 3856.94 1920 1080 37 120 120 0.0227192 2.33647 0.389837 2.72631
/home/smt/Downloads/video/testone5.yuv 1677.13 1920 1080 42 120 120 0.0200704 2.14351 0.264942 2.40845
/home/smt/Downloads/video/testone5.yuv 19202.8 1920 1080 22 60 60 0.0407827 1.66538 0.781585 2.44696
/home/smt/Downloads/video/testone5.yuv 10797 1920 1080 27 60 60 0.0334916 1.48272 0.526782 2.0095
/home/smt/Downloads/video/testone5.yuv 5423.85 1920 1080 32 60 60 0.029822 1.44677 0.342548 1.78932
/home/smt/Downloads/video/testone5.yuv 2507.24 1920 1080 37 60 60 0.0285031 1.48623 0.223956 1.71019
/home/smt/Downloads/video/testone5.yuv 1120.82 1920 1080 42 60 60 0.0435967 2.3197 0.296102 2.6158
/home/smt/Downloads/video/testone5.yuv 11549.6 1920 1080 22 30 30 0.0470969 0.972507 0.440399 1.41291
/home/smt/Downloads/video/testone5.yuv 6724.61 1920 1080 27 30 30 0.0402138 0.903583 0.30283 1.20641
/home/smt/Downloads/video/testone5.yuv 3549.74 1920 1080 32 30 30 0.0368772 0.903713 0.202602 1.10632
/home/smt/Downloads/video/testone5.yuv 1732.99 1920 1080 37 30 30 0.0295616 0.752372 0.134476 0.886848
/home/smt/Downloads/video/testone5.yuv 793.002 1920 1080 42 30 30 0.0262945 0.701942 0.0868928 0.788835
/home/smt/Downloads/video/testone5.yuv 6896.44 1920 1080 22 15 15 0.0519536 0.527425 0.251879 0.779303
/home/smt/Downloads/video/testone5.yuv 4171.43 1920 1080 27 15 15 0.04407 0.481978 0.179071 0.661049
/home/smt/Downloads/video/testone5.yuv 2312.36 1920 1080 32 15 15 0.0375375 0.440602 0.122459 0.563062
/home/smt/Downloads/video/testone5.yuv 1185.29 1920 1080 37 15 15 0.0344498 0.434434 0.0823128 0.516747
/home/smt/Downloads/video/testone5.yuv 543.786 1920 1080 42 15 15 0.0330234 0.444387 0.0509633 0.495351
/home/smt/Downloads/video/testone5.yuv 15819.2 1280 720 22 120 120 0.0171644 1.40977 0.649958 2.05973
/home/smt/Downloads/video/testone5.yuv 8277.19 1280 720 27 120 120 0.0144465 1.31545 0.418132 1.73358
/home/smt/Downloads/video/testone5.yuv 3835.68 1280 720 32 120 120 0.0124706 1.22741 0.269066 1.49648
/home/smt/Downloads/video/testone5.yuv 1711.47 1280 720 37 120 120 0.0109534 1.13972 0.174685 1.31441
/home/smt/Downloads/video/testone5.yuv 785.04 1280 720 42 120 120 0.00960334 1.03308 0.119316 1.1524
/home/smt/Downloads/video/testone5.yuv 9059.1 1280 720 22 60 60 0.0187793 0.769104 0.357657 1.12676
/home/smt/Downloads/video/testone5.yuv 4945.78 1280 720 27 60 60 0.015419 0.688015 0.237127 0.925142
/home/smt/Downloads/video/testone5.yuv 2431.37 1280 720 32 60 60 0.0134395 0.651972 0.1544 0.806372
/home/smt/Downloads/video/testone5.yuv 1147.96 1280 720 37 60 60 0.0122231 0.630614 0.10277 0.733384
/home/smt/Downloads/video/testone5.yuv 539.014 1280 720 42 60 60 0.0101463 0.539937 0.0688395 0.608776
/home/smt/Downloads/video/testone5.yuv 5483.31 1280 720 22 30 30 0.0204815 0.407947 0.206497 0.614444
/home/smt/Downloads/video/testone5.yuv 3136.04 1280 720 27 30 30 0.018185 0.401637 0.143912 0.545549
/home/smt/Downloads/video/testone5.yuv 1634.75 1280 720 32 30 30 0.0170963 0.417419 0.095471 0.51289
/home/smt/Downloads/video/testone5.yuv 813.053 1280 720 37 30 30 0.0162231 0.416501 0.0701923 0.486693
/home/smt/Downloads/video/testone5.yuv 383.421 1280 720 42 30 30 0.0134641 0.361043 0.0428798 0.403923
/home/smt/Downloads/video/testone5.yuv 3312.37 1280 720 22 15 15 0.0248341 0.252945 0.119567 0.372511
/home/smt/Downloads/video/testone5.yuv 1976.21 1280 720 27 15 15 0.0222698 0.250832 0.0832146 0.334047
/home/smt/Downloads/video/testone5.yuv 1088.43 1280 720 32 15 15 0.0198364 0.239308 0.0582379 0.297546
/home/smt/Downloads/video/testone5.yuv 569.26 1280 720 37 15 15 0.0199757 0.258618 0.0410172 0.299635
/home/smt/Downloads/video/testone5.yuv 268.774 1280 720 42 15 15 0.01689 0.226411 0.0269396 0.25335
/home/smt/Downloads/video/testone5.yuv 9927.51 960 540 22 120 120 0.0125286 1.08123 0.422203 1.50343
/home/smt/Downloads/video/testone5.yuv 5215.97 960 540 27 120 120 0.0104416 0.987929 0.265067 1.253
/home/smt/Downloads/video/testone5.yuv 2430.37 960 540 32 120 120 0.00827224 0.823126 0.169542 0.992668
/home/smt/Downloads/video/testone5.yuv 1081.88 960 540 37 120 120 0.00655951 0.678122 0.109019 0.787141
/home/smt/Downloads/video/testone5.yuv 490.111 960 540 42 120 120 0.00544225 0.580105 0.0729653 0.65307
/home/smt/Downloads/video/testone5.yuv 5700.6 960 540 22 60 60 0.0124131 0.509673 0.235112 0.744785
/home/smt/Downloads/video/testone5.yuv 3132.55 960 540 27 60 60 0.0101084 0.460766 0.145736 0.606502
/home/smt/Downloads/video/testone5.yuv 1551.52 960 540 32 60 60 0.00901652 0.445859 0.095132 0.540991
/home/smt/Downloads/video/testone5.yuv 731.002 960 540 37 60 60 0.00835056 0.434728 0.0663058 0.501034
/home/smt/Downloads/video/testone5.yuv 338.988 960 540 42 60 60 0.00716411 0.386428 0.0434186 0.429846
/home/smt/Downloads/video/testone5.yuv 3444.81 960 540 22 30 30 0.0138115 0.282182 0.132163 0.414345
/home/smt/Downloads/video/testone5.yuv 1983.31 960 540 27 30 30 0.0110797 0.240708 0.0916819 0.33239
/home/smt/Downloads/video/testone5.yuv 1040.79 960 540 32 30 30 0.00937509 0.220077 0.0611756 0.281253
/home/smt/Downloads/video/testone5.yuv 514.23 960 540 37 30 30 0.00857091 0.218372 0.0387549 0.257127
/home/smt/Downloads/video/testone5.yuv 240.47 960 540 42 30 30 0.0067636 0.17774 0.0251681 0.202908
/home/smt/Downloads/video/testone5.yuv 2065.93 960 540 22 15 15 0.0156819 0.161387 0.0738411 0.235228
/home/smt/Downloads/video/testone5.yuv 1240.3 960 540 27 15 15 0.0129059 0.141345 0.0522442 0.193589
/home/smt/Downloads/video/testone5.yuv 684.147 960 540 32 15 15 0.0104633 0.118908 0.0380412 0.15695
/home/smt/Downloads/video/testone5.yuv 358.091 960 540 37 15 15 0.0117455 0.151408 0.0247746 0.176182
/home/smt/Downloads/video/testone5.yuv 168.217 960 540 42 15 15 0.00841402 0.110941 0.015269 0.12621
/home/smt/Downloads/video/testone5.yuv 5162.77 640 360 22 120 120 0.0049848 0.394767 0.203408 0.598175
/home/smt/Downloads/video/testone5.yuv 2759.38 640 360 27 120 120 0.00420905 0.370989 0.134097 0.505086
/home/smt/Downloads/video/testone5.yuv 1310.38 640 360 32 120 120 0.00403751 0.399818 0.0846829 0.484501
/home/smt/Downloads/video/testone5.yuv 582.915 640 360 37 120 120 0.00314266 0.320914 0.0562047 0.377119
/home/smt/Downloads/video/testone5.yuv 256.482 640 360 42 120 120 0.0029287 0.313707 0.0377372 0.351444
/home/smt/Downloads/video/testone5.yuv 2953.67 640 360 22 60 60 0.00557272 0.221952 0.112411 0.334363
/home/smt/Downloads/video/testone5.yuv 1648.15 640 360 27 60 60 0.00444816 0.191872 0.0750171 0.266889
/home/smt/Downloads/video/testone5.yuv 829.01 640 360 32 60 60 0.003948 0.184784 0.0520961 0.23688
/home/smt/Downloads/video/testone5.yuv 390.752 640 360 37 60 60 0.00334481 0.166633 0.0340556 0.200688
/home/smt/Downloads/video/testone5.yuv 178.663 640 360 42 60 60 0.00322517 0.172236 0.0212738 0.19351
/home/smt/Downloads/video/testone5.yuv 1775.22 640 360 22 30 30 0.00614758 0.119251 0.0651766 0.184428
/home/smt/Downloads/video/testone5.yuv 1036.8 640 360 27 30 30 0.0056286 0.123257 0.045601 0.168858
/home/smt/Downloads/video/testone5.yuv 549.715 640 360 32 30 30 0.00425284 0.0970079 0.0305773 0.127585
/home/smt/Downloads/video/testone5.yuv 272.185 640 360 37 30 30 0.00364635 0.0897712 0.0196193 0.109391
/home/smt/Downloads/video/testone5.yuv 127.222 640 360 42 30 30 0.00313121 0.0811154 0.0128211 0.0939364
/home/smt/Downloads/video/testone5.yuv 1059.12 640 360 22 15 15 0.00784489 0.0798979 0.0377754 0.117673
/home/smt/Downloads/video/testone5.yuv 645.812 640 360 27 15 15 0.00566471 0.0595685 0.0254022 0.0849707
/home/smt/Downloads/video/testone5.yuv 362.904 640 360 32 15 15 0.00611531 0.0738597 0.01787 0.0917297
/home/smt/Downloads/video/testone5.yuv 190.005 640 360 37 15 15 0.00635583 0.0821556 0.0131818 0.0953375
/home/smt/Downloads/video/testone5.yuv 90.508 640 360 42 15 15 0.00854632 0.119964 0.00823074 0.128195
/home/smt/Downloads/video/testone6.yuv 27252.1 1920 1080 22 120 120 0.0370386 3.24918 1.19545 4.44464
/home/smt/Downloads/video/testone6.yuv 14800.1 1920 1080 27 120 120 0.0308734 2.90792 0.796884 3.70481
/home/smt/Downloads/video/testone6.yuv 7494.73 1920 1080 32 120 120 0.0261345 2.61175 0.524395 3.13614
/home/smt/Downloads/video/testone6.yuv 3623.51 1920 1080 37 120 120 0.023485 2.45797 0.360223 2.8182
/home/smt/Downloads/video/testone6.yuv 1523.9 1920 1080 42 120 120 0.0200766 2.17347 0.235723 2.4092
/home/smt/Downloads/video/testone6.yuv 16813.9 1920 1080 22 60 60 0.040461 1.73844 0.689215 2.42766
/home/smt/Downloads/video/testone6.yuv 9486.9 1920 1080 27 60 60 0.0346886 1.61066 0.470654 2.08131
/home/smt/Downloads/video/testone6.yuv 5009.54 1920 1080 32 60 60 0.0303483 1.50679 0.314107 1.8209
/home/smt/Downloads/video/testone6.yuv 2512.88 1920 1080 37 60 60 0.0271707 1.41712 0.213126 1.63024
/home/smt/Downloads/video/testone6.yuv 1055.67 1920 1080 42 60 60 0.023128 1.24792 0.139754 1.38768
/home/smt/Downloads/video/testone6.yuv 9972.19 1920 1080 22 30 30 0.0460732 0.992371 0.389824 1.38219
/home/smt/Downloads/video/testone6.yuv 5791.21 1920 1080 27 30 30 0.0396429 0.919999 0.269289 1.18929
/home/smt/Downloads/video/testone6.yuv 3163.73 1920 1080 32 30 30 0.0360888 0.894735 0.187927 1.08266
/home/smt/Downloads/video/testone6.yuv 1624.07 1920 1080 37 30 30 0.0314321 0.818949 0.124012 0.942962
/home/smt/Downloads/video/testone6.yuv 691.004 1920 1080 42 30 30 0.0275854 0.748199 0.0793613 0.827561
/home/smt/Downloads/video/testone6.yuv 5346.27 1920 1080 22 15 15 0.0495691 0.536806 0.20673 0.743537
/home/smt/Downloads/video/testone6.yuv 3152.22 1920 1080 27 15 15 0.043402 0.508943 0.142086 0.651029
/home/smt/Downloads/video/testone6.yuv 1756.92 1920 1080 32 15 15 0.0404886 0.509871 0.0974573 0.607328
/home/smt/Downloads/video/testone6.yuv 919.504 1920 1080 37 15 15 0.035313 0.463524 0.0661704 0.529695
/home/smt/Downloads/video/testone6.yuv 400.157 1920 1080 42 15 15 0.0320756 0.437724 0.0434105 0.481135
/home/smt/Downloads/video/testone6.yuv 13762.5 1280 720 22 120 120 0.0172867 1.49873 0.575675 2.07441
/home/smt/Downloads/video/testone6.yuv 7492.91 1280 720 27 120 120 0.0146924 1.38509 0.378002 1.76309
/home/smt/Downloads/video/testone6.yuv 3705.73 1280 720 32 120 120 0.0122597 1.22473 0.24643 1.47116
/home/smt/Downloads/video/testone6.yuv 1700.05 1280 720 37 120 120 0.0106467 1.11611 0.161491 1.2776
/home/smt/Downloads/video/testone6.yuv 680.301 1280 720 42 120 120 0.00907447 0.982963 0.105973 1.08894
/home/smt/Downloads/video/testone6.yuv 8411.4 1280 720 22 60 60 0.0199214 0.857663 0.337622 1.19528
/home/smt/Downloads/video/testone6.yuv 4761.06 1280 720 27 60 60 0.0161245 0.742187 0.225284 0.967471
/home/smt/Downloads/video/testone6.yuv 2450.48 1280 720 32 60 60 0.0138401 0.681171 0.149234 0.830404
/home/smt/Downloads/video/testone6.yuv 1170.92 1280 720 37 60 60 0.0120979 0.628923 0.0969526 0.725876
/home/smt/Downloads/video/testone6.yuv 471.467 1280 720 42 60 60 0.0104207 0.564383 0.0608567 0.62524
/home/smt/Downloads/video/testone6.yuv 4953.95 1280 720 22 30 30 0.0220472 0.472686 0.188729 0.661415
/home/smt/Downloads/video/testone6.yuv 2894.26 1280 720 27 30 30 0.0181713 0.416201 0.128938 0.545138
/home/smt/Downloads/video/testone6.yuv 1548.91 1280 720 32 30 30 0.0163549 0.401477 0.0891704 0.490648
/home/smt/Downloads/video/testone6.yuv 766.717 1280 720 37 30 30 0.0147462 0.385285 0.0570999 0.442385
/home/smt/Downloads/video/testone6.yuv 312.38 1280 720 42 30 30 0.0124441 0.338441 0.0348823 0.373324
/home/smt/Downloads/video/testone6.yuv 2644.69 1280 720 22 15 15 0.0234055 0.249734 0.101349 0.351083
/home/smt/Downloads/video/testone6.yuv 1569.64 1280 720 27 15 15 0.0223484 0.265423 0.0698022 0.335226
/home/smt/Downloads/video/testone6.yuv 859.364 1280 720 32 15 15 0.0207468 0.263348 0.0478547 0.311203
/home/smt/Downloads/video/testone6.yuv 436.019 1280 720 37 15 15 0.0165153 0.215661 0.0320683 0.24773
/home/smt/Downloads/video/testone6.yuv 184.597 1280 720 42 15 15 0.0144113 0.198097 0.0180717 0.216169
/home/smt/Downloads/video/testone6.yuv 8538.37 960 540 22 120 120 0.0101275 0.866249 0.349056 1.21531
/home/smt/Downloads/video/testone6.yuv 4651.08 960 540 27 120 120 0.00883296 0.830636 0.229319 1.05996
/home/smt/Downloads/video/testone6.yuv 2254.16 960 540 32 120 120 0.00734811 0.734828 0.146946 0.881773
/home/smt/Downloads/video/testone6.yuv 1003.45 960 540 37 120 120 0.00631762 0.661243 0.0968722 0.758115
/home/smt/Downloads/video/testone6.yuv 392.791 960 540 42 120 120 0.00507708 0.545655 0.0635937 0.609249
/home/smt/Downloads/video/testone6.yuv 5141.07 960 540 22 60 60 0.0110771 0.463775 0.200848 0.664623
/home/smt/Downloads/video/testone6.yuv 2906.68 960 540 27 60 60 0.00989308 0.457156 0.136428 0.593585
/home/smt/Downloads/video/testone6.yuv 1469.95 960 540 32 60 60 0.0208203 1.06106 0.188155 1.24922
/home/smt/Downloads/video/testone6.yuv 684.575 960 540 37 60 60 0.0158736 0.829221 0.123193 0.952414
/home/smt/Downloads/video/testone6.yuv 270.811 960 540 42 60 60 0.0134108 0.727569 0.0770792 0.804648
/home/smt/Downloads/video/testone6.yuv 3003.13 960 540 22 30 30 0.0267053 0.561301 0.239857 0.801158
/home/smt/Downloads/video/testone6.yuv 1754.13 960 540 27 30 30 0.0246783 0.568392 0.171956 0.740349
/home/smt/Downloads/video/testone6.yuv 922.445 960 540 32 30 30 0.0211254 0.523408 0.110352 0.633761
/home/smt/Downloads/video/testone6.yuv 448.181 960 540 37 30 30 0.0184959 0.479166 0.0757106 0.554876
/home/smt/Downloads/video/testone6.yuv 181.606 960 540 42 30 30 0.0163584 0.446087 0.0446668 0.490753
/home/smt/Downloads/video/testone6.yuv 1603.78 960 540 22 15 15 0.0305167 0.333206 0.124544 0.457751
/home/smt/Downloads/video/testone6.yuv 955.307 960 540 27 15 15 0.0264607 0.308742 0.088169 0.396911
/home/smt/Downloads/video/testone6.yuv 516.522 960 540 32 15 15 0.0232705 0.290436 0.0586214 0.349057
/home/smt/Downloads/video/testone6.yuv 257.046 960 540 37 15 15 0.0217671 0.287539 0.0389671 0.326506
/home/smt/Downloads/video/testone6.yuv 109.172 960 540 42 15 15 0.0208336 0.28258 0.029924 0.312504
/home/smt/Downloads/video/testone6.yuv 4132.49 640 360 22 120 120 0.0104029 0.897357 0.35099 1.24835
/home/smt/Downloads/video/testone6.yuv 2248.8 640 360 27 120 120 0.00841903 0.780197 0.230086 1.01028
/home/smt/Downloads/video/testone6.yuv 1075.91 640 360 32 120 120 0.00476109 0.499578 0.0717527 0.571331
/home/smt/Downloads/video/testone6.yuv 474.057 640 360 37 120 120 0.00293434 0.305105 0.0470155 0.35212
/home/smt/Downloads/video/testone6.yuv 191.053 640 360 42 120 120 0.00253741 0.271289 0.0332004 0.30449
/home/smt/Downloads/video/testone6.yuv 2465.76 640 360 22 60 60 0.0052279 0.217528 0.0961455 0.313674
/home/smt/Downloads/video/testone6.yuv 1389.96 640 360 27 60 60 0.00479693 0.221818 0.0659973 0.287816
/home/smt/Downloads/video/testone6.yuv 693.638 640 360 32 60 60 0.00401013 0.198194 0.0424134 0.240608
/home/smt/Downloads/video/testone6.yuv 318.67 640 360 37 60 60 0.00374345 0.196662 0.0279452 0.224607
/home/smt/Downloads/video/testone6.yuv 131.265 640 360 42 60 60 0.00277653 0.149659 0.0169333 0.166592
/home/smt/Downloads/video/testone6.yuv 1428.38 640 360 22 30 30 0.00573009 0.116234 0.0556689 0.171903
/home/smt/Downloads/video/testone6.yuv 831.739 640 360 27 30 30 0.00498402 0.112369 0.0371511 0.149521
/home/smt/Downloads/video/testone6.yuv 431.647 640 360 32 30 30 0.00448976 0.108743 0.0259501 0.134693
/home/smt/Downloads/video/testone6.yuv 207.52 640 360 37 30 30 0.00383727 0.0996491 0.015469 0.115118
/home/smt/Downloads/video/testone6.yuv 86.788 640 360 42 30 30 0.00383918 0.10552 0.00965525 0.115175
/home/smt/Downloads/video/testone6.yuv 766.564 640 360 22 15 15 0.0068302 0.0727168 0.0297362 0.102453
/home/smt/Downloads/video/testone6.yuv 455.383 640 360 27 15 15 0.00539283 0.0602161 0.0206763 0.0808924
/home/smt/Downloads/video/testone6.yuv 245.183 640 360 32 15 15 0.00551618 0.0699287 0.012814 0.0827427
/home/smt/Downloads/video/testone6.yuv 122.597 640 360 37 15 15 0.00449385 0.0588735 0.00853418 0.0674077
/home/smt/Downloads/video/testone6.yuv 54.416 640 360 42 15 15 0.00395561 0.0539677 0.00536643 0.0593341
/home/smt/Downloads/video/testone7.yuv 6653.94 1920 1080 22 120 120 0.0285733 2.97066 0.458136 3.4288
/home/smt/Downloads/video/testone7.yuv 3670.89 1920 1080 27 120 120 0.0323632 3.23057 0.653017 3.88359
/home/smt/Downloads/video/testone7.yuv 1931.88 1920 1080 32 120 120 0.0249369 2.75331 0.239126 2.99243
/home/smt/Downloads/video/testone7.yuv 1036.76 1920 1080 37 120 120 0.0166627 1.80569 0.193834 1.99952
/home/smt/Downloads/video/testone7.yuv 553.515 1920 1080 42 120 120 0.0148724 1.62287 0.161823 1.78469
/home/smt/Downloads/video/testone7.yuv 4280.33 1920 1080 22 60 60 0.0250233 1.23856 0.262841 1.5014
/home/smt/Downloads/video/testone7.yuv 2390.23 1920 1080 27 60 60 0.0237606 1.23621 0.189426 1.42564
/home/smt/Downloads/video/testone7.yuv 1275.59 1920 1080 32 60 60 0.0204457 1.08748 0.139256 1.22674
/home/smt/Downloads/video/testone7.yuv 697.059 1920 1080 37 60 60 0.0234468 1.29943 0.107379 1.40681
/home/smt/Downloads/video/testone7.yuv 380.685 1920 1080 42 60 60 0.0175667 0.965221 0.0887824 1.054
/home/smt/Downloads/video/testone7.yuv 2329.06 1920 1080 22 30 30 0.0270757 0.67084 0.141433 0.812272
/home/smt/Downloads/video/testone7.yuv 1293.13 1920 1080 27 30 30 0.024483 0.632511 0.101979 0.73449
/home/smt/Downloads/video/testone7.yuv 690.576 1920 1080 32 30 30 0.0788827 2.29415 0.0723286 2.36648
/home/smt/Downloads/video/testone7.yuv 378.812 1920 1080 37 30 30 0.0198948 0.540113 0.0567298 0.596843
/home/smt/Downloads/video/testone7.yuv 204.275 1920 1080 42 30 30 0.0175267 0.479542 0.0462583 0.525801
/home/smt/Downloads/video/testone7.yuv 1496.81 1920 1080 22 15 15 0.0459013 0.60397 0.084549 0.688519
/home/smt/Downloads/video/testone7.yuv 857.487 1920 1080 27 15 15 0.0295649 0.3788 0.0646735 0.443474
/home/smt/Downloads/video/testone7.yuv 472.939 1920 1080 32 15 15 0.026656 0.356004 0.0438361 0.39984
/home/smt/Downloads/video/testone7.yuv 265.565 1920 1080 37 15 15 0.0244642 0.333269 0.0336943 0.366963
/home/smt/Downloads/video/testone7.yuv 147.436 1920 1080 42 15 15 0.020664 0.284494 0.0254661 0.30996
/home/smt/Downloads/video/testone7.yuv 3321.86 1280 720 22 120 120 0.0104231 1.03582 0.214954 1.25077
/home/smt/Downloads/video/testone7.yuv 1847.02 1280 720 27 120 120 0.00893274 0.914823 0.157106 1.07193
/home/smt/Downloads/video/testone7.yuv 985.554 1280 720 32 120 120 0.00813983 0.860925 0.115854 0.976779
/home/smt/Downloads/video/testone7.yuv 538.753 1280 720 37 120 120 0.00720304 0.772867 0.0914979 0.864365
/home/smt/Downloads/video/testone7.yuv 287.239 1280 720 42 120 120 0.00648638 0.702683 0.0756827 0.778366
/home/smt/Downloads/video/testone7.yuv 2155.91 1280 720 22 60 60 0.0120969 0.596858 0.128955 0.725813
/home/smt/Downloads/video/testone7.yuv 1218.84 1280 720 27 60 60 0.0104471 0.532391 0.0944361 0.626827
/home/smt/Downloads/video/testone7.yuv 660.281 1280 720 32 60 60 0.00917932 0.481732 0.0690269 0.550759
/home/smt/Downloads/video/testone7.yuv 364.08 1280 720 37 60 60 0.00883634 0.478374 0.0518065 0.53018
/home/smt/Downloads/video/testone7.yuv 197.034 1280 720 42 60 60 0.00768275 0.41922 0.0417447 0.460965
/home/smt/Downloads/video/testone7.yuv 1175.08 1280 720 22 30 30 0.0131399 0.322988 0.0712098 0.394197
/home/smt/Downloads/video/testone7.yuv 658.374 1280 720 27 30 30 0.0105341 0.266943 0.0490811 0.316024
/home/smt/Downloads/video/testone7.yuv 356.604 1280 720 32 30 30 0.0100563 0.264531 0.0371561 0.301688
/home/smt/Downloads/video/testone7.yuv 199.126 1280 720 37 30 30 0.009804 0.26627 0.0278502 0.29412
/home/smt/Downloads/video/testone7.yuv 107.548 1280 720 42 30 30 0.00773242 0.211025 0.0209481 0.231973
/home/smt/Downloads/video/testone7.yuv 765.842 1280 720 22 15 15 0.0148133 0.180527 0.0416723 0.222199
/home/smt/Downloads/video/testone7.yuv 445.362 1280 720 27 15 15 0.0133336 0.169653 0.0303517 0.200005
/home/smt/Downloads/video/testone7.yuv 249.168 1280 720 32 15 15 0.0145662 0.196286 0.0222074 0.218493
/home/smt/Downloads/video/testone7.yuv 141.152 1280 720 37 15 15 0.0111573 0.152 0.01536 0.16736
/home/smt/Downloads/video/testone7.yuv 77.982 1280 720 42 15 15 0.00999036 0.137853 0.0120027 0.149855
/home/smt/Downloads/video/testone7.yuv 2128.21 960 540 22 120 120 0.00640401 0.631302 0.13718 0.768482
/home/smt/Downloads/video/testone7.yuv 1186.63 960 540 27 120 120 0.00571287 0.584415 0.101129 0.685545
/home/smt/Downloads/video/testone7.yuv 638.013 960 540 32 120 120 0.00490929 0.518245 0.0708696 0.589115
/home/smt/Downloads/video/testone7.yuv 347.577 960 540 37 120 120 0.00440795 0.471284 0.05767 0.528954
/home/smt/Downloads/video/testone7.yuv 183.196 960 540 42 120 120 0.00391002 0.423096 0.0461062 0.469202
/home/smt/Downloads/video/testone7.yuv 1379.14 960 540 22 60 60 0.00727505 0.357056 0.0794474 0.436503
/home/smt/Downloads/video/testone7.yuv 782.677 960 540 27 60 60 0.00696788 0.359434 0.058639 0.418073
/home/smt/Downloads/video/testone7.yuv 426.454 960 540 32 60 60 0.00553675 0.289954 0.042251 0.332205
/home/smt/Downloads/video/testone7.yuv 234.322 960 540 37 60 60 0.00476033 0.254679 0.030941 0.28562
/home/smt/Downloads/video/testone7.yuv 125.405 960 540 42 60 60 0.00485044 0.266132 0.0248947 0.291027
/home/smt/Downloads/video/testone7.yuv 753.932 960 540 22 30 30 0.00826105 0.203764 0.0440679 0.247832
/home/smt/Downloads/video/testone7.yuv 425.459 960 540 27 30 30 0.00652519 0.165497 0.0302587 0.195756
/home/smt/Downloads/video/testone7.yuv 232.913 960 540 32 30 30 0.0060238 0.159698 0.0210163 0.180714
/home/smt/Downloads/video/testone7.yuv 130.198 960 540 37 30 30 0.00556223 0.150816 0.0160509 0.166867
/home/smt/Downloads/video/testone7.yuv 69.339 960 540 42 30 30 0.00497506 0.136546 0.0127054 0.149252
/home/smt/Downloads/video/testone7.yuv 493.907 960 540 22 15 15 0.0093763 0.113998 0.0266461 0.140644
/home/smt/Downloads/video/testone7.yuv 288.25 960 540 27 15 15 0.00826993 0.106196 0.0178525 0.124049
/home/smt/Downloads/video/testone7.yuv 162.262 960 540 32 15 15 0.00801691 0.107437 0.0128167 0.120254
/home/smt/Downloads/video/testone7.yuv 92.408 960 540 37 15 15 0.00709538 0.0966724 0.00975837 0.106431
/home/smt/Downloads/video/testone7.yuv 50.185 960 540 42 15 15 0.00608375 0.0839584 0.00729789 0.0912563
/home/smt/Downloads/video/testone7.yuv 1111.31 640 360 22 120 120 0.00290268 0.279672 0.0686501 0.348322
/home/smt/Downloads/video/testone7.yuv 628.202 640 360 27 120 120 0.00250556 0.251744 0.0489235 0.300667
/home/smt/Downloads/video/testone7.yuv 342.166 640 360 32 120 120 0.00237567 0.24792 0.0371601 0.28508
/home/smt/Downloads/video/testone7.yuv 188.716 640 360 37 120 120 0.00206685 0.218574 0.0294476 0.248021
/home/smt/Downloads/video/testone7.yuv 98.757 640 360 42 120 120 0.00184438 0.196594 0.0247322 0.221326
/home/smt/Downloads/video/testone7.yuv 720.136 640 360 22 60 60 0.00343294 0.165239 0.0407378 0.205977
/home/smt/Downloads/video/testone7.yuv 413.166 640 360 27 60 60 0.00304361 0.152794 0.0298229 0.182617
/home/smt/Downloads/video/testone7.yuv 228.243 640 360 32 60 60 0.00263196 0.137112 0.0208052 0.157917
/home/smt/Downloads/video/testone7.yuv 126.436 640 360 37 60 60 0.00228114 0.12108 0.0157881 0.136868
/home/smt/Downloads/video/testone7.yuv 67.318 640 360 42 60 60 0.00210609 0.113622 0.0127437 0.126366
/home/smt/Downloads/video/testone7.yuv 395.535 640 360 22 30 30 0.00397925 0.0979846 0.0213928 0.119377
/home/smt/Downloads/video/testone7.yuv 225.616 640 360 27 30 30 0.00358218 0.0906519 0.0168135 0.107465
/home/smt/Downloads/video/testone7.yuv 126.118 640 360 32 30 30 0.00289803 0.0760418 0.0108991 0.0869409
/home/smt/Downloads/video/testone7.yuv 71.024 640 360 37 30 30 0.00245445 0.0652278 0.00840581 0.0736336
/home/smt/Downloads/video/testone7.yuv 37.955 640 360 42 30 30 0.00234957 0.063998 0.00648918 0.0704872
/home/smt/Downloads/video/testone7.yuv 261.463 640 360 22 15 15 0.00427171 0.0506964 0.0133793 0.0640757
/home/smt/Downloads/video/testone7.yuv 155.012 640 360 27 15 15 0.00398326 0.0504131 0.0093358 0.0597489
/home/smt/Downloads/video/testone7.yuv 88.688 640 360 32 15 15 0.00356101 0.046159 0.00725604 0.0534151
/home/smt/Downloads/video/testone7.yuv 50.755 640 360 37 15 15 0.00323018 0.0433622 0.00509043 0.0484527
/home/smt/Downloads/video/testone7.yuv 27.598 640 360 42 15 15 0.00284521 0.0388596 0.00381859 0.0426782
/home/smt/Downloads/video/testone8.yuv 51885.9 1920 1080 22 120 120 0.0442685 3.46193 1.85029 5.31222
/home/smt/Downloads/video/testone8.yuv 32631.6 1920 1080 27 120 120 0.0370361 3.10677 1.33756 4.44433
/home/smt/Downloads/video/testone8.yuv 19197.1 1920 1080 32 120 120 0.0330449 3.04165 0.923737 3.96539
/home/smt/Downloads/video/testone8.yuv 10425.9 1920 1080 37 120 120 0.0286417 2.80343 0.633573 3.437
/home/smt/Downloads/video/testone8.yuv 4733.04 1920 1080 42 120 120 0.0255017 2.65617 0.404038 3.06021
/home/smt/Downloads/video/testone8.yuv 27526.5 1920 1080 22 60 60 0.0456095 1.77418 0.962396 2.73657
/home/smt/Downloads/video/testone8.yuv 17531.4 1920 1080 27 60 60 0.0395593 1.67133 0.702224 2.37356
/home/smt/Downloads/video/testone8.yuv 10486.4 1920 1080 32 60 60 0.0347072 1.5816 0.50083 2.08243
/home/smt/Downloads/video/testone8.yuv 5844.19 1920 1080 37 60 60 0.0463809 1.51591 1.26695 2.78286
/home/smt/Downloads/video/testone8.yuv 2757.69 1920 1080 42 60 60 0.0610991 3.20349 0.462457 3.66595
/home/smt/Downloads/video/testone8.yuv 14456.4 1920 1080 22 30 30 0.107695 2.18173 1.04913 3.23085
/home/smt/Downloads/video/testone8.yuv 9290.65 1920 1080 27 30 30 0.093317 2.04042 0.759096 2.79951
/home/smt/Downloads/video/testone8.yuv 5614.62 1920 1080 32 30 30 0.0788868 1.93412 0.432488 2.3666
/home/smt/Downloads/video/testone8.yuv 3189.77 1920 1080 37 30 30 0.034557 0.857377 0.179331 1.03671
/home/smt/Downloads/video/testone8.yuv 1549.05 1920 1080 42 30 30 0.0297419 0.773073 0.119184 0.892257
/home/smt/Downloads/video/testone8.yuv 7735.4 1920 1080 22 15 15 0.0527643 0.521479 0.269985 0.791464
/home/smt/Downloads/video/testone8.yuv 5025.75 1920 1080 27 15 15 0.0454496 0.486903 0.194841 0.681743
/home/smt/Downloads/video/testone8.yuv 3075.99 1920 1080 32 15 15 0.0404703 0.464833 0.142221 0.607055
/home/smt/Downloads/video/testone8.yuv 1777.9 1920 1080 37 15 15 0.0372774 0.462529 0.0966322 0.559162
/home/smt/Downloads/video/testone8.yuv 882.441 1920 1080 42 15 15 0.0336879 0.441558 0.063761 0.505319
/home/smt/Downloads/video/testone8.yuv 23610.4 1280 720 22 120 120 0.0197407 1.53145 0.837441 2.36889
/home/smt/Downloads/video/testone8.yuv 14690.8 1280 720 27 120 120 0.0171801 1.46246 0.599157 2.06162
/home/smt/Downloads/video/testone8.yuv 8566.78 1280 720 32 120 120 0.0144879 1.32287 0.415674 1.73854
/home/smt/Downloads/video/testone8.yuv 4691.73 1280 720 37 120 120 0.0132923 1.30129 0.293789 1.59508
/home/smt/Downloads/video/testone8.yuv 2194.8 1280 720 42 120 120 0.0114165 1.17965 0.190328 1.36998
/home/smt/Downloads/video/testone8.yuv 12627.5 1280 720 22 60 60 0.0209452 0.816132 0.440581 1.25671
/home/smt/Downloads/video/testone8.yuv 7982.99 1280 720 27 60 60 0.0182536 0.774496 0.320722 1.09522
/home/smt/Downloads/video/testone8.yuv 4749.49 1280 720 32 60 60 0.0156591 0.711927 0.227622 0.939548
/home/smt/Downloads/video/testone8.yuv 2677.09 1280 720 37 60 60 0.0142578 0.696731 0.158735 0.855466
/home/smt/Downloads/video/testone8.yuv 1302.49 1280 720 42 60 60 0.0125011 0.644776 0.105292 0.750067
/home/smt/Downloads/video/testone8.yuv 6651.66 1280 720 22 30 30 0.02253 0.446096 0.229804 0.6759
/home/smt/Downloads/video/testone8.yuv 4252.22 1280 720 27 30 30 0.0191461 0.406833 0.16755 0.574384
/home/smt/Downloads/video/testone8.yuv 2566.87 1280 720 32 30 30 0.0173158 0.398177 0.121297 0.519474
/home/smt/Downloads/video/testone8.yuv 1477.22 1280 720 37 30 30 0.0169391 0.422799 0.0853749 0.508174
/home/smt/Downloads/video/testone8.yuv 737.813 1280 720 42 30 30 0.0134848 0.34924 0.0553043 0.404544
/home/smt/Downloads/video/testone8.yuv 3572.1 1280 720 22 15 15 0.0254096 0.259869 0.121276 0.381144
/home/smt/Downloads/video/testone8.yuv 2314.09 1280 720 27 15 15 0.0212157 0.225746 0.0924902 0.318236
/home/smt/Downloads/video/testone8.yuv 1416.68 1280 720 32 15 15 0.0204484 0.241707 0.0650196 0.306727
/home/smt/Downloads/video/testone8.yuv 829.015 1280 720 37 15 15 0.0173779 0.214458 0.0462105 0.260668
/home/smt/Downloads/video/testone8.yuv 422.914 1280 720 42 15 15 0.0153389 0.198647 0.0314368 0.230083
/home/smt/Downloads/video/testone8.yuv 14383.8 960 540 22 120 120 0.0126179 1.00965 0.504493 1.51414
/home/smt/Downloads/video/testone8.yuv 9038.35 960 540 27 120 120 0.0108828 0.939564 0.366377 1.30594
/home/smt/Downloads/video/testone8.yuv 5319.67 960 540 32 120 120 0.0162678 1.39982 0.55231 1.95213
/home/smt/Downloads/video/testone8.yuv 2924.39 960 540 37 120 120 0.0173272 1.69807 0.381199 2.07927
/home/smt/Downloads/video/testone8.yuv 1355.43 960 540 42 120 120 0.0134827 1.49457 0.123351 1.61793
/home/smt/Downloads/video/testone8.yuv 7733.79 960 540 22 60 60 0.0131537 0.521123 0.268101 0.789224
/home/smt/Downloads/video/testone8.yuv 4941.68 960 540 27 60 60 0.0112821 0.480069 0.196858 0.676927
/home/smt/Downloads/video/testone8.yuv 2963.5 960 540 32 60 60 0.010298 0.478937 0.138946 0.617883
/home/smt/Downloads/video/testone8.yuv 1676.89 960 540 37 60 60 0.00905724 0.444098 0.0993368 0.543435
/home/smt/Downloads/video/testone8.yuv 810.371 960 540 42 60 60 0.00789553 0.40786 0.0658722 0.473732
/home/smt/Downloads/video/testone8.yuv 4079.34 960 540 22 30 30 0.0146279 0.297673 0.141164 0.438837
/home/smt/Downloads/video/testone8.yuv 2633.69 960 540 27 30 30 0.0117645 0.248741 0.104195 0.352936
/home/smt/Downloads/video/testone8.yuv 1601.45 960 540 32 30 30 0.0114452 0.267884 0.0754713 0.343355
/home/smt/Downloads/video/testone8.yuv 925.49 960 540 37 30 30 0.00949704 0.233712 0.0511994 0.284911
/home/smt/Downloads/video/testone8.yuv 459.638 960 540 42 30 30 0.0082839 0.211997 0.0365195 0.248517
/home/smt/Downloads/video/testone8.yuv 2189.57 960 540 22 15 15 0.0147464 0.146717 0.0744795 0.221196
/home/smt/Downloads/video/testone8.yuv 1427.93 960 540 27 15 15 0.015094 0.171066 0.0553433 0.226409
/home/smt/Downloads/video/testone8.yuv 878.406 960 540 32 15 15 0.0119299 0.139087 0.0398614 0.178949
/home/smt/Downloads/video/testone8.yuv 516.072 960 540 37 15 15 0.0122571 0.153596 0.0302608 0.183857
/home/smt/Downloads/video/testone8.yuv 262.222 960 540 42 15 15 0.0095599 0.123668 0.0197301 0.143398
/home/smt/Downloads/video/testone8.yuv 7186.47 640 360 22 120 120 0.00566175 0.433712 0.245698 0.67941
/home/smt/Downloads/video/testone8.yuv 4591.23 640 360 27 120 120 0.00498385 0.41817 0.179892 0.598062
/home/smt/Downloads/video/testone8.yuv 2726.8 640 360 32 120 120 0.00415918 0.369903 0.129199 0.499102
/home/smt/Downloads/video/testone8.yuv 1494.94 640 360 37 120 120 0.00363911 0.345839 0.0908536 0.436693
/home/smt/Downloads/video/testone8.yuv 681.489 640 360 42 120 120 0.00321646 0.326032 0.0599431 0.385975
/home/smt/Downloads/video/testone8.yuv 3891.92 640 360 22 60 60 0.00610998 0.234696 0.131903 0.366599
/home/smt/Downloads/video/testone8.yuv 2521.78 640 360 27 60 60 0.00519373 0.21077 0.100854 0.311624
/home/smt/Downloads/video/testone8.yuv 1527.59 640 360 32 60 60 0.00917076 0.202375 0.347871 0.550246
/home/smt/Downloads/video/testone8.yuv 860.01 640 360 37 60 60 0.0112425 0.563553 0.110995 0.674548
/home/smt/Downloads/video/testone8.yuv 409.121 640 360 42 60 60 0.008026 0.405668 0.0758915 0.48156
/home/smt/Downloads/video/testone8.yuv 2048.14 640 360 22 30 30 0.0149225 0.300031 0.147643 0.447674
/home/smt/Downloads/video/testone8.yuv 1340.51 640 360 27 30 30 0.0135415 0.294127 0.112119 0.406246
/home/smt/Downloads/video/testone8.yuv 824.591 640 360 32 30 30 0.0121163 0.28128 0.0822103 0.36349
/home/smt/Downloads/video/testone8.yuv 475.169 640 360 37 30 30 0.0105154 0.253782 0.0616806 0.315462
/home/smt/Downloads/video/testone8.yuv 234.4 640 360 42 30 30 0.00928494 0.234328 0.0442208 0.278548
/home/smt/Downloads/video/testone8.yuv 1096.26 640 360 22 15 15 0.0160726 0.15994 0.0811492 0.241089
/home/smt/Downloads/video/testone8.yuv 724.84 640 360 27 15 15 0.0141985 0.152664 0.0603129 0.212977
/home/smt/Downloads/video/testone8.yuv 450.529 640 360 32 15 15 0.0126305 0.147598 0.0418589 0.189457
/home/smt/Downloads/video/testone8.yuv 264.562 640 360 37 15 15 0.0109677 0.130772 0.0337446 0.164516
/home/smt/Downloads/video/testone8.yuv 133.34 640 360 42 15 15 0.0117232 0.154041 0.0218071 0.175848
/home/smt/Downloads/video/testone9.yuv 2082.32 1920 1080 22 120 120 0.0271737 2.80652 0.454318 3.26084
/home/smt/Downloads/video/testone9.yuv 1070.57 1920 1080 27 120 120 0.0259825 2.7211 0.396794 3.11789
/home/smt/Downloads/video/testone9.yuv 496.04 1920 1080 32 120 120 0.0251345 2.68999 0.32615 3.01614
/home/smt/Downloads/video/testone9.yuv 230.219 1920 1080 37 120 120 0.0239925 2.57595 0.30315 2.8791
/home/smt/Downloads/video/testone9.yuv 110.09 1920 1080 42 120 120 0.0114747 1.24966 0.1273 1.37696
/home/smt/Downloads/video/testone9.yuv 2076.86 1920 1080 22 60 60 0.033369 1.6535 0.348647 2.00214
/home/smt/Downloads/video/testone9.yuv 1067.13 1920 1080 27 60 60 0.0321368 1.65974 0.268467 1.92821
/home/smt/Downloads/video/testone9.yuv 492.777 1920 1080 32 60 60 0.0287959 1.51962 0.208136 1.72775
/home/smt/Downloads/video/testone9.yuv 226.925 1920 1080 37 60 60 0.0268557 1.43327 0.178071 1.61134
/home/smt/Downloads/video/testone9.yuv 106.577 1920 1080 42 60 60 0.0253207 1.36511 0.154137 1.51924
/home/smt/Downloads/video/testone9.yuv 2061.12 1920 1080 22 30 30 0.0482872 1.17508 0.273531 1.44861
/home/smt/Downloads/video/testone9.yuv 1061.05 1920 1080 27 30 30 0.0427969 1.08364 0.200267 1.28391
/home/smt/Downloads/video/testone9.yuv 489.707 1920 1080 32 30 30 0.0355521 0.924159 0.142404 1.06656
/home/smt/Downloads/video/testone9.yuv 224.584 1920 1080 37 30 30 0.0316763 0.840549 0.109741 0.95029
/home/smt/Downloads/video/testone9.yuv 104.42 1920 1080 42 30 30 0.0289027 0.778388 0.0886929 0.867081
/home/smt/Downloads/video/testone9.yuv 1381.47 1920 1080 22 15 15 0.0552595 0.659438 0.169454 0.828892
/home/smt/Downloads/video/testone9.yuv 740.766 1920 1080 27 15 15 0.0474824 0.588391 0.123845 0.712236
/home/smt/Downloads/video/testone9.yuv 362.688 1920 1080 32 15 15 0.043455 0.561111 0.090714 0.651825
/home/smt/Downloads/video/testone9.yuv 175.095 1920 1080 37 15 15 0.035927 0.473854 0.0650514 0.538905
/home/smt/Downloads/video/testone9.yuv 83.402 1920 1080 42 15 15 0.0320264 0.42957 0.0508262 0.480396
/home/smt/Downloads/video/testone9.yuv 1291.37 1280 720 22 120 120 0.00668355 0.69269 0.109337 0.802027
/home/smt/Downloads/video/testone9.yuv 683.275 1280 720 27 120 120 0.00564482 0.588856 0.0885225 0.677378
/home/smt/Downloads/video/testone9.yuv 307.283 1280 720 32 120 120 0.00540633 0.57576 0.0729996 0.64876
/home/smt/Downloads/video/testone9.yuv 130.086 1280 720 37 120 120 0.00505723 0.543551 0.0633167 0.606868
/home/smt/Downloads/video/testone9.yuv 59.568 1280 720 42 120 120 0.00452473 0.484298 0.0586692 0.542967
/home/smt/Downloads/video/testone9.yuv 1287.56 1280 720 22 60 60 0.00730598 0.357054 0.0813042 0.438359
/home/smt/Downloads/video/testone9.yuv 680.027 1280 720 27 60 60 0.0183503 0.963849 0.137168 1.10102
/home/smt/Downloads/video/testone9.yuv 304.053 1280 720 32 60 60 0.0137798 0.720804 0.105983 0.826787
/home/smt/Downloads/video/testone9.yuv 126.839 1280 720 37 60 60 0.0133794 0.719957 0.0828063 0.802763
/home/smt/Downloads/video/testone9.yuv 56.32 1280 720 42 60 60 0.0121104 0.656345 0.0702777 0.726623
/home/smt/Downloads/video/testone9.yuv 1279.6 1280 720 22 30 30 0.0220233 0.511092 0.149609 0.6607
/home/smt/Downloads/video/testone9.yuv 676.136 1280 720 27 30 30 0.0195692 0.483488 0.103588 0.587076
/home/smt/Downloads/video/testone9.yuv 301.768 1280 720 32 30 30 0.0178424 0.465193 0.070079 0.535272
/home/smt/Downloads/video/testone9.yuv 124.826 1280 720 37 30 30 0.0154493 0.410702 0.0527767 0.463478
/home/smt/Downloads/video/testone9.yuv 54.349 1280 720 42 30 30 0.0131413 0.353428 0.0408097 0.394238
/home/smt/Downloads/video/testone9.yuv 860.008 1280 720 22 15 15 0.0254907 0.292597 0.0897634 0.38236
/home/smt/Downloads/video/testone9.yuv 475.756 1280 720 27 15 15 0.0227595 0.278048 0.063344 0.341392
/home/smt/Downloads/video/testone9.yuv 223.808 1280 720 32 15 15 0.0204132 0.26314 0.0430582 0.306198
/home/smt/Downloads/video/testone9.yuv 98.176 1280 720 37 15 15 0.0180992 0.241807 0.0296813 0.271488
/home/smt/Downloads/video/testone9.yuv 43.889 1280 720 42 15 15 0.0152067 0.206287 0.0218136 0.2281
/home/smt/Downloads/video/testone9.yuv 943.691 960 540 22 120 120 0.00800398 0.812137 0.148341 0.960478
/home/smt/Downloads/video/testone9.yuv 494.262 960 540 27 120 120 0.00736264 0.76311 0.120406 0.883516
/home/smt/Downloads/video/testone9.yuv 210.98 960 540 32 120 120 0.00845417 0.906287 0.108213 1.0145
/home/smt/Downloads/video/testone9.yuv 85.593 960 540 37 120 120 0.00563189 0.631072 0.044754 0.675826
/home/smt/Downloads/video/testone9.yuv 39.686 960 540 42 120 120 0.00336522 0.370223 0.0336029 0.403826
/home/smt/Downloads/video/testone9.yuv 940.484 960 540 22 60 60 0.00483823 0.235376 0.0549174 0.290294
/home/smt/Downloads/video/testone9.yuv 491.252 960 540 27 60 60 0.015508 0.847514 0.0829635 0.930478
/home/smt/Downloads/video/testone9.yuv 208.077 960 540 32 60 60 0.00787429 0.412549 0.0599078 0.472457
/home/smt/Downloads/video/testone9.yuv 82.717 960 540 37 60 60 0.00844097 0.459428 0.0470301 0.506458
/home/smt/Downloads/video/testone9.yuv 36.602 960 540 42 60 60 0.00721126 0.382495 0.0501802 0.432676
/home/smt/Downloads/video/testone9.yuv 935.601 960 540 22 30 30 0.0123352 0.322064 0.0479921 0.370057
/home/smt/Downloads/video/testone9.yuv 488.671 960 540 27 30 30 0.00577024 0.139527 0.0335806 0.173107
/home/smt/Downloads/video/testone9.yuv 206.103 960 540 32 30 30 0.00472912 0.119248 0.0226255 0.141874
/home/smt/Downloads/video/testone9.yuv 81.022 960 540 37 30 30 0.00429516 0.11364 0.0152147 0.128855
/home/smt/Downloads/video/testone9.yuv 34.927 960 540 42 30 30 0.0075624 0.215907 0.0109652 0.226872
/home/smt/Downloads/video/testone9.yuv 611.886 960 540 22 15 15 0.0122316 0.155196 0.0282773 0.183474
/home/smt/Downloads/video/testone9.yuv 337.396 960 540 27 15 15 0.00773378 0.0971471 0.0188596 0.116007
/home/smt/Downloads/video/testone9.yuv 150.272 960 540 32 15 15 0.00804922 0.107871 0.0128675 0.120738
/home/smt/Downloads/video/testone9.yuv 63.69 960 540 37 15 15 0.00699226 0.0961836 0.00870041 0.104884
/home/smt/Downloads/video/testone9.yuv 28.713 960 540 42 15 15 0.00806534 0.11475 0.00623014 0.12098
/home/smt/Downloads/video/testone9.yuv 453.24 640 360 22 120 120 0.00251089 0.264351 0.0369558 0.301306
/home/smt/Downloads/video/testone9.yuv 234.991 640 360 27 120 120 0.00230541 0.249859 0.02679 0.276649
/home/smt/Downloads/video/testone9.yuv 101.869 640 360 32 120 120 0.00225454 0.249374 0.0211699 0.270544
/home/smt/Downloads/video/testone9.yuv 46.618 640 360 37 120 120 0.00171431 0.187775 0.0179425 0.205718
/home/smt/Downloads/video/testone9.yuv 23.968 640 360 42 120 120 0.00158297 0.17339 0.0165666 0.189957
/home/smt/Downloads/video/testone9.yuv 450.312 640 360 22 60 60 0.00211312 0.101985 0.024802 0.126787
/home/smt/Downloads/video/testone9.yuv 232.263 640 360 27 60 60 0.00265919 0.141586 0.0179652 0.159552
/home/smt/Downloads/video/testone9.yuv 99.084 640 360 32 60 60 0.00170462 0.0880665 0.0142109 0.102277
/home/smt/Downloads/video/testone9.yuv 43.807 640 360 37 60 60 0.0014598 0.0770547 0.0105335 0.0875882
/home/smt/Downloads/video/testone9.yuv 21.145 640 360 42 60 60 0.00141324 0.0760157 0.00877877 0.0847945
/home/smt/Downloads/video/testone9.yuv 446.965 640 360 22 30 30 0.00278003 0.0627297 0.0206711 0.0834008
/home/smt/Downloads/video/testone9.yuv 230.556 640 360 27 30 30 0.00247352 0.0593999 0.0148056 0.0742055
/home/smt/Downloads/video/testone9.yuv 97.588 640 360 32 30 30 0.00213716 0.0541629 0.00995207 0.0641149
/home/smt/Downloads/video/testone9.yuv 42.272 640 360 37 30 30 0.00176098 0.0460995 0.00672991 0.0528295
/home/smt/Downloads/video/testone9.yuv 19.636 640 360 42 30 30 0.00226428 0.062012 0.00591642 0.0679284
/home/smt/Downloads/video/testone9.yuv 305.469 640 360 22 15 15 0.00473775 0.0571626 0.0139037 0.0710663
/home/smt/Downloads/video/testone9.yuv 164.843 640 360 27 15 15 0.00436798 0.0560311 0.00948853 0.0655196
/home/smt/Downloads/video/testone9.yuv 73.089 640 360 32 15 15 0.00390847 0.0527659 0.00586113 0.0586271
/home/smt/Downloads/video/testone9.yuv 33.43 640 360 37 15 15 0.00366651 0.05055 0.00444774 0.0549977
/home/smt/Downloads/video/testone9.yuv 15.803 640 360 42 15 15 0.00302728 0.0422375 0.00317164 0.0454092
/home/smt/Downloads/video/testone10.yuv 855.875 1920 1080 22 120 120 0.0121222 1.27636 0.178309 1.45467
/home/smt/Downloads/video/testone10.yuv 472.914 1920 1080 27 120 120 0.0124923 1.34765 0.151426 1.49908
/home/smt/Downloads/video/testone10.yuv 270.607 1920 1080 32 120 120 0.010206 1.08534 0.139373 1.22472
/home/smt/Downloads/video/testone10.yuv 165.141 1920 1080 37 120 120 0.0125237 1.37045 0.132393 1.50284
/home/smt/Downloads/video/testone10.yuv 100.552 1920 1080 42 120 120 0.00964065 1.03158 0.125294 1.15688
/home/smt/Downloads/video/testone10.yuv 850.066 1920 1080 22 60 60 0.0159546 0.836937 0.12034 0.957277
/home/smt/Downloads/video/testone10.yuv 468.74 1920 1080 27 60 60 0.0137154 0.725422 0.0975013 0.822923
/home/smt/Downloads/video/testone10.yuv 266.464 1920 1080 32 60 60 0.0143905 0.777074 0.0863538 0.863428
/home/smt/Downloads/video/testone10.yuv 161.753 1920 1080 37 60 60 0.0130254 0.706131 0.0753926 0.781523
/home/smt/Downloads/video/testone10.yuv 96.625 1920 1080 42 60 60 0.012503 0.67998 0.0702025 0.750183
/home/smt/Downloads/video/testone10.yuv 838.676 1920 1080 22 30 30 0.0183641 0.467622 0.0832999 0.550922
/home/smt/Downloads/video/testone10.yuv 462.939 1920 1080 27 30 30 0.0166862 0.437082 0.0635042 0.500587
/home/smt/Downloads/video/testone10.yuv 263.078 1920 1080 32 30 30 0.0149753 0.393258 0.056001 0.449259
/home/smt/Downloads/video/testone10.yuv 158.952 1920 1080 37 30 30 0.0131004 0.345697 0.0473148 0.393012
/home/smt/Downloads/video/testone10.yuv 93.641 1920 1080 42 30 30 0.0131958 0.35383 0.0420445 0.395874
/home/smt/Downloads/video/testone10.yuv 609.815 1920 1080 22 15 15 0.023154 0.293028 0.054282 0.34731
/home/smt/Downloads/video/testone10.yuv 346.36 1920 1080 27 15 15 0.0215605 0.281377 0.0420306 0.323408
/home/smt/Downloads/video/testone10.yuv 201.373 1920 1080 32 15 15 0.0173498 0.227157 0.0330902 0.260248
/home/smt/Downloads/video/testone10.yuv 123.9 1920 1080 37 15 15 0.016222 0.214603 0.028727 0.24333
/home/smt/Downloads/video/testone10.yuv 73.72 1920 1080 42 15 15 0.0140743 0.186382 0.0247333 0.211115
/home/smt/Downloads/video/testone10.yuv 491.502 1280 720 22 120 120 0.00537032 0.559936 0.0845034 0.644439
/home/smt/Downloads/video/testone10.yuv 276.699 1280 720 27 120 120 0.0134009 1.45047 0.157638 1.60811
/home/smt/Downloads/video/testone10.yuv 159.143 1280 720 32 120 120 0.0108484 1.15694 0.14487 1.30181
/home/smt/Downloads/video/testone10.yuv 97.02 1280 720 37 120 120 0.0102274 1.098 0.12928 1.22728
/home/smt/Downloads/video/testone10.yuv 58.29 1280 720 42 120 120 0.00925566 0.987195 0.123483 1.11068
/home/smt/Downloads/video/testone10.yuv 486.686 1280 720 22 60 60 0.0138232 0.712693 0.116699 0.829392
/home/smt/Downloads/video/testone10.yuv 273.314 1280 720 27 60 60 0.013883 0.736519 0.0964592 0.832978
/home/smt/Downloads/video/testone10.yuv 155.763 1280 720 32 60 60 0.0119609 0.631596 0.0860596 0.717655
/home/smt/Downloads/video/testone10.yuv 93.788 1280 720 37 60 60 0.0118433 0.632979 0.0776182 0.710597
/home/smt/Downloads/video/testone10.yuv 55.437 1280 720 42 60 60 0.010678 0.573965 0.0667138 0.640679
/home/smt/Downloads/video/testone10.yuv 480.063 1280 720 22 30 30 0.0208061 0.534884 0.0892979 0.624182
/home/smt/Downloads/video/testone10.yuv 269.253 1280 720 27 30 30 0.0168161 0.43547 0.0690137 0.504484
/home/smt/Downloads/video/testone10.yuv 152.906 1280 720 32 30 30 0.0153559 0.405523 0.0551539 0.460677
/home/smt/Downloads/video/testone10.yuv 91.519 1280 720 37 30 30 0.0146305 0.394511 0.0444034 0.438914
/home/smt/Downloads/video/testone10.yuv 54.062 1280 720 42 30 30 0.0128405 0.346158 0.0390583 0.385216
/home/smt/Downloads/video/testone10.yuv 352.06 1280 720 22 15 15 0.0250986 0.321012 0.0554665 0.376479
/home/smt/Downloads/video/testone10.yuv 203.584 1280 720 27 15 15 0.0227388 0.288208 0.0528744 0.341082
/home/smt/Downloads/video/testone10.yuv 118.463 1280 720 32 15 15 0.0184593 0.24229 0.0345999 0.27689
/home/smt/Downloads/video/testone10.yuv 71.777 1280 720 37 15 15 0.0180615 0.239006 0.0319172 0.270923
/home/smt/Downloads/video/testone10.yuv 42.462 1280 720 42 15 15 0.0152872 0.207412 0.0218953 0.229308
/home/smt/Downloads/video/testone10.yuv 370.969 960 540 22 120 120 0.00711684 0.739853 0.114168 0.854021
/home/smt/Downloads/video/testone10.yuv 210.377 960 540 27 120 120 0.00675165 0.709698 0.1005 0.810197
/home/smt/Downloads/video/testone10.yuv 119.732 960 540 32 120 120 0.00612622 0.644478 0.0906687 0.735147
/home/smt/Downloads/video/testone10.yuv 71.247 960 540 37 120 120 0.00606134 0.6374 0.0899608 0.727361
/home/smt/Downloads/video/testone10.yuv 41.966 960 540 42 120 120 0.00570558 0.600121 0.0845488 0.68467
/home/smt/Downloads/video/testone10.yuv 367.312 960 540 22 60 60 0.00860936 0.43744 0.0791215 0.516562
/home/smt/Downloads/video/testone10.yuv 207.216 960 540 27 60 60 0.00799677 0.405029 0.0747768 0.479806
/home/smt/Downloads/video/testone10.yuv 116.881 960 540 32 60 60 0.00721698 0.376039 0.0569801 0.433019
/home/smt/Downloads/video/testone10.yuv 68.19 960 540 37 60 60 0.00652798 0.338447 0.0532317 0.391679
/home/smt/Downloads/video/testone10.yuv 38.912 960 540 42 60 60 0.00693143 0.364931 0.0509545 0.415886
/home/smt/Downloads/video/testone10.yuv 361.517 960 540 22 30 30 0.0122189 0.304291 0.0622766 0.366568
/home/smt/Downloads/video/testone10.yuv 203.986 960 540 27 30 30 0.0102551 0.261276 0.0463776 0.307654
/home/smt/Downloads/video/testone10.yuv 114.917 960 540 32 30 30 0.00925061 0.234727 0.0427914 0.277518
/home/smt/Downloads/video/testone10.yuv 66.76 960 540 37 30 30 0.00878018 0.226911 0.036494 0.263405
/home/smt/Downloads/video/testone10.yuv 37.323 960 540 42 30 30 0.00858056 0.225375 0.032042 0.257417
/home/smt/Downloads/video/testone10.yuv 258.782 960 540 22 15 15 0.0147763 0.179429 0.0422164 0.221645
/home/smt/Downloads/video/testone10.yuv 149.045 960 540 27 15 15 0.0125978 0.158912 0.0300559 0.188968
/home/smt/Downloads/video/testone10.yuv 86.599 960 540 32 15 15 0.0116273 0.154157 0.0202534 0.17441
/home/smt/Downloads/video/testone10.yuv 51.826 960 540 37 15 15 0.00999402 0.133809 0.0161015 0.14991
/home/smt/Downloads/video/testone10.yuv 29.36 960 540 42 15 15 0.00937993 0.126271 0.0144281 0.140699
/home/smt/Downloads/video/testone10.yuv 235.684 640 360 22 120 120 0.00353726 0.363853 0.0606181 0.424471
/home/smt/Downloads/video/testone10.yuv 138.486 640 360 27 120 120 0.00316194 0.330142 0.0492907 0.379433
/home/smt/Downloads/video/testone10.yuv 80.75 640 360 32 120 120 0.00333386 0.347653 0.0524111 0.400064
/home/smt/Downloads/video/testone10.yuv 47.74 640 360 37 120 120 0.00303533 0.322855 0.0413848 0.36424
/home/smt/Downloads/video/testone10.yuv 27.802 640 360 42 120 120 0.003022 0.317064 0.0455756 0.36264
/home/smt/Downloads/video/testone10.yuv 232.786 640 360 22 60 60 0.00437077 0.216352 0.0458938 0.262246
/home/smt/Downloads/video/testone10.yuv 135.647 640 360 27 60 60 0.0038261 0.191908 0.0376581 0.229566
/home/smt/Downloads/video/testone10.yuv 77.942 640 360 32 60 60 0.00377165 0.191671 0.0346281 0.226299
/home/smt/Downloads/video/testone10.yuv 44.962 640 360 37 60 60 0.00330971 0.169949 0.028633 0.198582
/home/smt/Downloads/video/testone10.yuv 24.855 640 360 42 60 60 0.00314159 0.1664 0.0220961 0.188496
/home/smt/Downloads/video/testone10.yuv 229.047 640 360 22 30 30 0.0056984 0.133671 0.037281 0.170952
/home/smt/Downloads/video/testone10.yuv 133.185 640 360 27 30 30 0.00506878 0.12378 0.0282837 0.152063
/home/smt/Downloads/video/testone10.yuv 76.293 640 360 32 30 30 0.00443265 0.111393 0.0215861 0.132979
/home/smt/Downloads/video/testone10.yuv 43.461 640 360 37 30 30 0.00466633 0.122118 0.0178717 0.13999
/home/smt/Downloads/video/testone10.yuv 23.263 640 360 42 30 30 0.00358078 0.0961124 0.011311 0.107423
/home/smt/Downloads/video/testone10.yuv 162.098 640 360 22 15 15 0.00710328 0.0803311 0.0262181 0.106549
/home/smt/Downloads/video/testone10.yuv 95.835 640 360 27 15 15 0.00683133 0.0845874 0.0178825 0.10247
/home/smt/Downloads/video/testone10.yuv 55.958 640 360 32 15 15 0.00533741 0.0649759 0.0150852 0.0800611
/home/smt/Downloads/video/testone10.yuv 32.931 640 360 37 15 15 0.00510746 0.0645567 0.0120553 0.0766119
/home/smt/Downloads/video/testone10.yuv 18.298 640 360 42 15 15 0.00447565 0.0597083 0.00742654 0.0671348
/home/smt/Downloads/video/testone11.yuv 928.773 1920 1080 22 120 120 0.0255587 2.6981 0.368947 3.06705
/home/smt/Downloads/video/testone11.yuv 484.867 1920 1080 27 120 120 0.0247124 2.63747 0.328012 2.96548
/home/smt/Downloads/video/testone11.yuv 251.485 1920 1080 32 120 120 0.0227456 2.44239 0.287082 2.72948
/home/smt/Downloads/video/testone11.yuv 137.973 1920 1080 37 120 120 0.022794 2.47019 0.265086 2.73528
/home/smt/Downloads/video/testone11.yuv 80.448 1920 1080 42 120 120 0.0218113 2.36004 0.257316 2.61735
/home/smt/Downloads/video/testone11.yuv 920.854 1920 1080 22 60 60 0.0321798 1.68292 0.247868 1.93079
/home/smt/Downloads/video/testone11.yuv 480.634 1920 1080 27 60 60 0.0280327 1.48607 0.195894 1.68196
/home/smt/Downloads/video/testone11.yuv 247.59 1920 1080 32 60 60 0.0262997 1.40203 0.175955 1.57798
/home/smt/Downloads/video/testone11.yuv 134.494 1920 1080 37 60 60 0.0246981 1.3188 0.163087 1.48189
/home/smt/Downloads/video/testone11.yuv 76.966 1920 1080 42 60 60 0.0240933 1.29821 0.147392 1.4456
/home/smt/Downloads/video/testone11.yuv 906.251 1920 1080 22 30 30 0.0398549 1.01336 0.182284 1.19565
/home/smt/Downloads/video/testone11.yuv 473.991 1920 1080 27 30 30 0.0359888 0.947048 0.132615 1.07966
/home/smt/Downloads/video/testone11.yuv 243.391 1920 1080 32 30 30 0.0312414 0.829287 0.107956 0.937243
/home/smt/Downloads/video/testone11.yuv 131.715 1920 1080 37 30 30 0.0259388 0.734974 0.0431894 0.778164
/home/smt/Downloads/video/testone11.yuv 75.097 1920 1080 42 30 30 0.0136688 0.37138 0.0386844 0.410064
/home/smt/Downloads/video/testone11.yuv 689.607 1920 1080 22 15 15 0.0217349 0.269333 0.0566905 0.326024
/home/smt/Downloads/video/testone11.yuv 368.396 1920 1080 27 15 15 0.0213874 0.27828 0.0425303 0.320811
/home/smt/Downloads/video/testone11.yuv 192.571 1920 1080 32 15 15 0.0163736 0.210257 0.0353474 0.245605
/home/smt/Downloads/video/testone11.yuv 105.036 1920 1080 37 15 15 0.0171935 0.231737 0.0261658 0.257903
/home/smt/Downloads/video/testone11.yuv 59.428 1920 1080 42 15 15 0.0147268 0.197036 0.023865 0.220901
/home/smt/Downloads/video/testone11.yuv 517.136 1280 720 22 120 120 0.0130054 1.35757 0.203069 1.56064
/home/smt/Downloads/video/testone11.yuv 273.209 1280 720 27 120 120 0.011472 1.22274 0.153904 1.37664
/home/smt/Downloads/video/testone11.yuv 146.357 1280 720 32 120 120 0.0107359 1.15108 0.137236 1.28831
/home/smt/Downloads/video/testone11.yuv 85.639 1280 720 37 120 120 0.0107234 1.15659 0.130214 1.28681
/home/smt/Downloads/video/testone11.yuv 49.827 1280 720 42 120 120 0.00980932 1.05668 0.120442 1.17712
/home/smt/Downloads/video/testone11.yuv 511.803 1280 720 22 60 60 0.0149869 0.777173 0.12204 0.899213
/home/smt/Downloads/video/testone11.yuv 269.756 1280 720 27 60 60 0.0134612 0.711205 0.0964693 0.807675
/home/smt/Downloads/video/testone11.yuv 143.226 1280 720 32 60 60 0.0119367 0.62865 0.0875543 0.716204
/home/smt/Downloads/video/testone11.yuv 81.727 1280 720 37 60 60 0.0121358 0.64954 0.0786077 0.728147
/home/smt/Downloads/video/testone11.yuv 46.753 1280 720 42 60 60 0.0116482 0.627824 0.0710673 0.698891
/home/smt/Downloads/video/testone11.yuv 503.618 1280 720 22 30 30 0.0192346 0.483016 0.0940215 0.577037
/home/smt/Downloads/video/testone11.yuv 265.354 1280 720 27 30 30 0.0164454 0.423169 0.0701926 0.493361
/home/smt/Downloads/video/testone11.yuv 140.404 1280 720 32 30 30 0.0151659 0.401932 0.0530443 0.454976
/home/smt/Downloads/video/testone11.yuv 79.451 1280 720 37 30 30 0.0136038 0.362671 0.045442 0.408113
/home/smt/Downloads/video/testone11.yuv 44.712 1280 720 42 30 30 0.0138838 0.37338 0.0431334 0.416513
/home/smt/Downloads/video/testone11.yuv 380.784 1280 720 22 15 15 0.0223346 0.276904 0.0581155 0.335019
/home/smt/Downloads/video/testone11.yuv 204.923 1280 720 27 15 15 0.0194535 0.251966 0.0398371 0.291803
/home/smt/Downloads/video/testone11.yuv 110.38 1280 720 32 15 15 0.0171981 0.227733 0.0302384 0.257971
/home/smt/Downloads/video/testone11.yuv 63.161 1280 720 37 15 15 0.0154285 0.203015 0.0284121 0.231427
/home/smt/Downloads/video/testone11.yuv 35.846 1280 720 42 15 15 0.0146263 0.193481 0.0259137 0.219395
/home/smt/Downloads/video/testone11.yuv 351.528 960 540 22 120 120 0.00730278 0.767906 0.108428 0.876334
/home/smt/Downloads/video/testone11.yuv 187.872 960 540 27 120 120 0.00679987 0.7181 0.0978843 0.815984
/home/smt/Downloads/video/testone11.yuv 104.189 960 540 32 120 120 0.00650562 0.696025 0.0846499 0.780675
/home/smt/Downloads/video/testone11.yuv 61.337 960 540 37 120 120 0.00658487 0.7089 0.081284 0.790184
/home/smt/Downloads/video/testone11.yuv 35.83 960 540 42 120 120 0.0059108 0.629365 0.0799312 0.709296
/home/smt/Downloads/video/testone11.yuv 347.584 960 540 22 60 60 0.00910127 0.46955 0.0765266 0.546076
/home/smt/Downloads/video/testone11.yuv 184.563 960 540 27 60 60 0.0080584 0.419514 0.06399 0.483504
/home/smt/Downloads/video/testone11.yuv 101.384 960 540 32 60 60 0.00782739 0.413747 0.0558962 0.469643
/home/smt/Downloads/video/testone11.yuv 58.446 960 540 37 60 60 0.00717812 0.387257 0.0434306 0.430687
/home/smt/Downloads/video/testone11.yuv 32.756 960 540 42 60 60 0.0065841 0.353007 0.0420394 0.395046
/home/smt/Downloads/video/testone11.yuv 342.045 960 540 22 30 30 0.0126265 0.320869 0.0579246 0.378794
/home/smt/Downloads/video/testone11.yuv 181.692 960 540 27 30 30 0.0104674 0.273342 0.0406814 0.314023
/home/smt/Downloads/video/testone11.yuv 99.171 960 540 32 30 30 0.0090269 0.23675 0.0340569 0.270807
/home/smt/Downloads/video/testone11.yuv 56.541 960 540 37 30 30 0.0088853 0.234052 0.0325069 0.266559
/home/smt/Downloads/video/testone11.yuv 31.118 960 540 42 30 30 0.0083097 0.215797 0.0334942 0.249291
/home/smt/Downloads/video/testone11.yuv 250.265 960 540 22 15 15 0.0133915 0.165684 0.0351883 0.200872
/home/smt/Downloads/video/testone11.yuv 135.211 960 540 27 15 15 0.0132601 0.169468 0.0294332 0.198901
/home/smt/Downloads/video/testone11.yuv 76.094 960 540 32 15 15 0.0115868 0.151438 0.022364 0.173802
/home/smt/Downloads/video/testone11.yuv 44.853 960 540 37 15 15 0.0101213 0.134651 0.0171686 0.15182
/home/smt/Downloads/video/testone11.yuv 24.853 960 540 42 15 15 0.00937847 0.125086 0.0155909 0.140677
/home/smt/Downloads/video/testone11.yuv 208.075 640 360 22 120 120 0.00349804 0.357902 0.0618624 0.419764
/home/smt/Downloads/video/testone11.yuv 119.828 640 360 27 120 120 0.00338396 0.355058 0.0510168 0.406075
/home/smt/Downloads/video/testone11.yuv 69.175 640 360 32 120 120 0.00317484 0.332517 0.048463 0.38098
/home/smt/Downloads/video/testone11.yuv 40.613 640 360 37 120 120 0.00307833 0.326635 0.0427644 0.369399
/home/smt/Downloads/video/testone11.yuv 23.374 640 360 42 120 120 0.00288965 0.306139 0.0406185 0.346758
/home/smt/Downloads/video/testone11.yuv 204.957 640 360 22 60 60 0.00402158 0.198696 0.0425988 0.241295
/home/smt/Downloads/video/testone11.yuv 117.036 640 360 27 60 60 0.00361821 0.18055 0.0365428 0.217093
/home/smt/Downloads/video/testone11.yuv 66.367 640 360 32 60 60 0.00357164 0.182533 0.0317658 0.214298
/home/smt/Downloads/video/testone11.yuv 37.871 640 360 37 60 60 0.00317247 0.168877 0.0214709 0.190348
/home/smt/Downloads/video/testone11.yuv 20.623 640 360 42 60 60 0.00318438 0.16496 0.0261026 0.191063
/home/smt/Downloads/video/testone11.yuv 202.04 640 360 22 30 30 0.00535018 0.126043 0.0344624 0.160505
/home/smt/Downloads/video/testone11.yuv 114.946 640 360 27 30 30 0.00487324 0.118734 0.0274631 0.146197
/home/smt/Downloads/video/testone11.yuv 64.745 640 360 32 30 30 0.00461219 0.118989 0.0193767 0.138366
/home/smt/Downloads/video/testone11.yuv 36.258 640 360 37 30 30 0.00405753 0.10443 0.0172962 0.121726
/home/smt/Downloads/video/testone11.yuv 19.087 640 360 42 30 30 0.00350267 0.0928457 0.0122345 0.10508
/home/smt/Downloads/video/testone11.yuv 138.761 640 360 22 15 15 0.00415857 0.0488426 0.013536 0.0623786
/home/smt/Downloads/video/testone11.yuv 80.646 640 360 27 15 15 0.00261952 0.0333039 0.00598892 0.0392928
/home/smt/Downloads/video/testone11.yuv 47.081 640 360 32 15 15 0.00222941 0.0287574 0.00468368 0.0334411
/home/smt/Downloads/video/testone11.yuv 27.993 640 360 37 15 15 0.00228413 0.0304817 0.00378026 0.034262
/home/smt/Downloads/video/testone11.yuv 15.27 640 360 42 15 15 0.00175395 0.0232821 0.00302717 0.0263093
/home/smt/Downloads/video/testone12.yuv 676.716 1920 1080 22 120 120 0.0258181 2.9334 0.164777 3.09817
/home/smt/Downloads/video/testone12.yuv 368.721 1920 1080 27 120 120 0.0115898 1.23443 0.156339 1.39077
/home/smt/Downloads/video/testone12.yuv 200.983 1920 1080 32 120 120 0.0109694 1.17689 0.139446 1.31633
/home/smt/Downloads/video/testone12.yuv 119.245 1920 1080 37 120 120 0.0106665 1.14899 0.130991 1.27998
/home/smt/Downloads/video/testone12.yuv 70.334 1920 1080 42 120 120 0.0257465 2.82275 0.266824 3.08958
/home/smt/Downloads/video/testone12.yuv 669.288 1920 1080 22 60 60 0.0289195 1.51867 0.216494 1.73517
/home/smt/Downloads/video/testone12.yuv 364.248 1920 1080 27 60 60 0.026372 1.39774 0.184583 1.58232
/home/smt/Downloads/video/testone12.yuv 197.71 1920 1080 32 60 60 0.025606 1.37374 0.162623 1.53636
/home/smt/Downloads/video/testone12.yuv 115.664 1920 1080 37 60 60 0.0244796 1.31873 0.150048 1.46878
/home/smt/Downloads/video/testone12.yuv 66.921 1920 1080 42 60 60 0.0234865 1.26084 0.148348 1.40919
/home/smt/Downloads/video/testone12.yuv 659.732 1920 1080 22 30 30 0.0375175 0.972315 0.153211 1.12553
/home/smt/Downloads/video/testone12.yuv 359.89 1920 1080 27 30 30 0.0326485 0.861355 0.118101 0.979456
/home/smt/Downloads/video/testone12.yuv 194.609 1920 1080 32 30 30 0.0296317 0.791267 0.0976828 0.88895
/home/smt/Downloads/video/testone12.yuv 113.538 1920 1080 37 30 30 0.0269988 0.7186 0.0913637 0.809964
/home/smt/Downloads/video/testone12.yuv 64.641 1920 1080 42 30 30 0.026256 0.711072 0.0766078 0.78768
/home/smt/Downloads/video/testone12.yuv 488.408 1920 1080 22 15 15 0.0786439 1.08573 0.0939257 1.17966
/home/smt/Downloads/video/testone12.yuv 273.243 1920 1080 27 15 15 0.039128 0.515734 0.0711857 0.58692
/home/smt/Downloads/video/testone12.yuv 153.438 1920 1080 32 15 15 0.0335689 0.446768 0.0567655 0.503533
/home/smt/Downloads/video/testone12.yuv 92.238 1920 1080 37 15 15 0.0463854 0.644645 0.0511364 0.695782
/home/smt/Downloads/video/testone12.yuv 53.125 1920 1080 42 15 15 0.0343077 0.470011 0.044604 0.514615
/home/smt/Downloads/video/testone12.yuv 380.54 1280 720 22 120 120 0.0113754 1.20324 0.161803 1.36504
/home/smt/Downloads/video/testone12.yuv 212.779 1280 720 27 120 120 0.0106363 1.12191 0.154443 1.27635
/home/smt/Downloads/video/testone12.yuv 119.43 1280 720 32 120 120 0.0109027 1.10318 0.205151 1.30833
/home/smt/Downloads/video/testone12.yuv 71.279 1280 720 37 120 120 0.00939555 1.00048 0.126982 1.12747
/home/smt/Downloads/video/testone12.yuv 43.007 1280 720 42 120 120 0.00974318 1.05165 0.117528 1.16918
/home/smt/Downloads/video/testone12.yuv 375.769 1280 720 22 60 60 0.0140232 0.728939 0.112454 0.841394
/home/smt/Downloads/video/testone12.yuv 209.363 1280 720 27 60 60 0.0120728 0.63471 0.0896564 0.724366
/home/smt/Downloads/video/testone12.yuv 116.362 1280 720 32 60 60 0.0109142 0.579869 0.0749857 0.654855
/home/smt/Downloads/video/testone12.yuv 68.198 1280 720 37 60 60 0.0121125 0.649096 0.0776546 0.72675
/home/smt/Downloads/video/testone12.yuv 39.769 1280 720 42 60 60 0.0105378 0.570703 0.061564 0.632267
/home/smt/Downloads/video/testone12.yuv 370.416 1280 720 22 30 30 0.0175244 0.448743 0.0769905 0.525733
/home/smt/Downloads/video/testone12.yuv 206.384 1280 720 27 30 30 0.0151942 0.396897 0.0589295 0.455827
/home/smt/Downloads/video/testone12.yuv 114.341 1280 720 32 30 30 0.0141113 0.377564 0.0457753 0.423339
/home/smt/Downloads/video/testone12.yuv 66.234 1280 720 37 30 30 0.013102 0.350347 0.042713 0.39306
/home/smt/Downloads/video/testone12.yuv 37.88 1280 720 42 30 30 0.0135049 0.363487 0.0416598 0.405147
/home/smt/Downloads/video/testone12.yuv 278.982 1280 720 22 15 15 0.0205718 0.258589 0.0499872 0.308577
/home/smt/Downloads/video/testone12.yuv 159.91 1280 720 27 15 15 0.019419 0.256506 0.0347794 0.291285
/home/smt/Downloads/video/testone12.yuv 91.05 1280 720 32 15 15 0.0178035 0.233655 0.033398 0.267053
/home/smt/Downloads/video/testone12.yuv 53.892 1280 720 37 15 15 0.0167574 0.226033 0.0253274 0.251361
/home/smt/Downloads/video/testone12.yuv 31.15 1280 720 42 15 15 0.0167477 0.231277 0.0199385 0.251216
/home/smt/Downloads/video/testone12.yuv 280.008 960 540 22 120 120 0.00740334 0.777691 0.11071 0.888401
/home/smt/Downloads/video/testone12.yuv 155.823 960 540 27 120 120 0.00684514 0.727885 0.0935313 0.821416
/home/smt/Downloads/video/testone12.yuv 86.404 960 540 32 120 120 0.00595731 0.629799 0.085078 0.714877
/home/smt/Downloads/video/testone12.yuv 50.898 960 540 37 120 120 0.00573432 0.610769 0.0773497 0.688119
/home/smt/Downloads/video/testone12.yuv 30.261 960 540 42 120 120 0.00559717 0.598069 0.0735905 0.67166
/home/smt/Downloads/video/testone12.yuv 276.241 960 540 22 60 60 0.00811693 0.414963 0.0720527 0.487016
/home/smt/Downloads/video/testone12.yuv 152.743 960 540 27 60 60 0.00745382 0.387572 0.0596567 0.447229
/home/smt/Downloads/video/testone12.yuv 83.32 960 540 32 60 60 0.00706364 0.375935 0.0478833 0.423818
/home/smt/Downloads/video/testone12.yuv 47.884 960 540 37 60 60 0.00690492 0.367702 0.0465933 0.414295
/home/smt/Downloads/video/testone12.yuv 27.193 960 540 42 60 60 0.00627594 0.332186 0.04437 0.376556
/home/smt/Downloads/video/testone12.yuv 272.222 960 540 22 30 30 0.0111666 0.28223 0.0527678 0.334998
/home/smt/Downloads/video/testone12.yuv 150.102 960 540 27 30 30 0.00968876 0.245006 0.0456564 0.290663
/home/smt/Downloads/video/testone12.yuv 81.437 960 540 32 30 30 0.00813086 0.208755 0.0351705 0.243926
/home/smt/Downloads/video/testone12.yuv 46.137 960 540 37 30 30 0.00726323 0.18776 0.0301371 0.217897
/home/smt/Downloads/video/testone12.yuv 25.706 960 540 42 30 30 0.00698927 0.184185 0.0254933 0.209678
/home/smt/Downloads/video/testone12.yuv 203.304 960 540 22 15 15 0.0139825 0.178227 0.0315104 0.209737
/home/smt/Downloads/video/testone12.yuv 115.915 960 540 27 15 15 0.0117083 0.14291 0.0327153 0.175625
/home/smt/Downloads/video/testone12.yuv 64.927 960 540 32 15 15 0.00876427 0.114574 0.0168898 0.131464
/home/smt/Downloads/video/testone12.yuv 37.978 960 540 37 15 15 0.00902572 0.121364 0.0140221 0.135386
/home/smt/Downloads/video/testone12.yuv 21.226 960 540 42 15 15 0.00975013 0.130709 0.0155433 0.146252
/home/smt/Downloads/video/testone12.yuv 166.714 640 360 22 120 120 0.00352159 0.369454 0.0531376 0.422591
/home/smt/Downloads/video/testone12.yuv 96.022 640 360 27 120 120 0.00325151 0.342496 0.0476851 0.390181
/home/smt/Downloads/video/testone12.yuv 54.497 640 360 32 120 120 0.00299394 0.316611 0.0426615 0.359272
/home/smt/Downloads/video/testone12.yuv 32.269 640 360 37 120 120 0.00307149 0.328 0.0405779 0.368578
/home/smt/Downloads/video/testone12.yuv 19.253 640 360 42 120 120 0.0028698 0.309161 0.0352153 0.344376
/home/smt/Downloads/video/testone12.yuv 163.684 640 360 22 60 60 0.0040785 0.205998 0.038712 0.24471
/home/smt/Downloads/video/testone12.yuv 93.348 640 360 27 60 60 0.00365948 0.18938 0.0301888 0.219569
/home/smt/Downloads/video/testone12.yuv 51.596 640 360 32 60 60 0.00354775 0.190392 0.0224725 0.212865
/home/smt/Downloads/video/testone12.yuv 29.505 640 360 37 60 60 0.0033781 0.182548 0.0201385 0.202686
/home/smt/Downloads/video/testone12.yuv 16.417 640 360 42 60 60 0.0031711 0.170326 0.0199403 0.190266
/home/smt/Downloads/video/testone12.yuv 160.959 640 360 22 30 30 0.00545154 0.135213 0.0283331 0.163546
/home/smt/Downloads/video/testone12.yuv 91.378 640 360 27 30 30 0.00498851 0.130438 0.0192169 0.149655
/home/smt/Downloads/video/testone12.yuv 50.15 640 360 32 30 30 0.00407441 0.107617 0.0146152 0.122232
/home/smt/Downloads/video/testone12.yuv 28.061 640 360 37 30 30 0.00355935 0.0947075 0.0120731 0.106781
/home/smt/Downloads/video/testone12.yuv 14.945 640 360 42 30 30 0.0036882 0.10057 0.0100765 0.110646
/home/smt/Downloads/video/testone12.yuv 119.858 640 360 22 15 15 0.00641016 0.0803642 0.0157882 0.0961523
/home/smt/Downloads/video/testone12.yuv 70.135 640 360 27 15 15 0.00562048 0.0725183 0.0117889 0.0843072
/home/smt/Downloads/video/testone12.yuv 40.211 640 360 32 15 15 0.00473523 0.0608757 0.0101528 0.0710285
/home/smt/Downloads/video/testone12.yuv 22.992 640 360 37 15 15 0.00510644 0.0692783 0.00731837 0.0765966
/home/smt/Downloads/video/testone12.yuv 12.464 640 360 42 15 15 0.00443787 0.0607878 0.00578031 0.0665681
